OBJECTID;Name;FolderPath;SymbolID;AltMode;Base;Clamped;Extruded;Snippet;PopupInfo;ORIG_FID;CordX;CordY
1;Area microcuenca;SS_PUEAR.kmz/Puntos_PUEAR;0;0;0,000000000000000;-1;0;;;1;-79,197304319999944;-4,036467859999959
2;Area microcuenca;SS_PUEAR.kmz/Puntos_PUEAR;0;0;0,000000000000000;-1;0;;;1;-79,197199173999934;-4,036370601999920
3;Area microcuenca;SS_PUEAR.kmz/Puntos_PUEAR;0;0;0,000000000000000;-1;0;;;1;-79,196901764999950;-4,036353454999926
4;Area microcuenca;SS_PUEAR.kmz/Puntos_PUEAR;0;0;0,000000000000000;-1;0;;;1;-79,196755538999923;-4,036246714999948
5;Area microcuenca;SS_PUEAR.kmz/Puntos_PUEAR;0;0;0,000000000000000;-1;0;;;1;-79,196598829999914;-4,035979486999906
6;Area microcuenca;SS_PUEAR.kmz/Puntos_PUEAR;0;0;0,000000000000000;-1;0;;;1;-79,196568702999912;-4,035526594999908
7;Area microcuenca;SS_PUEAR.kmz/Puntos_PUEAR;0;0;0,000000000000000;-1;0;;;1;-79,196324076999929;-4,035454348999906
8;Area microcuenca;SS_PUEAR.kmz/Puntos_PUEAR;0;0;0,000000000000000;-1;0;;;1;-79,195964865999940;-4,035490634999917
9;Area microcuenca;SS_PUEAR.kmz/Puntos_PUEAR;0;0;0,000000000000000;-1;0;;;1;-79,195890741999904;-4,035511251999935
10;Area microcuenca;SS_PUEAR.kmz/Puntos_PUEAR;0;0;0,000000000000000;-1;0;;;1;-79,195666794999909;-4,035449213999925
11;Area microcuenca;SS_PUEAR.kmz/Puntos_PUEAR;0;0;0,000000000000000;-1;0;;;1;-79,195438098999944;-4,035485517999916
12;Area microcuenca;SS_PUEAR.kmz/Puntos_PUEAR;0;0;0,000000000000000;-1;0;;;1;-79,195240907999903;-4,035495858999923
13;Area microcuenca;SS_PUEAR.kmz/Puntos_PUEAR;0;0;0,000000000000000;-1;0;;;1;-79,194763275999946;-4,035312455999929
14;Area microcuenca;SS_PUEAR.kmz/Puntos_PUEAR;0;0;0,000000000000000;-1;0;;;1;-79,194336202999921;-4,035122981999962
15;Area microcuenca;SS_PUEAR.kmz/Puntos_PUEAR;0;0;0,000000000000000;-1;0;;;1;-79,193936996999923;-4,035028685999919
16;Area microcuenca;SS_PUEAR.kmz/Puntos_PUEAR;0;0;0,000000000000000;-1;0;;;1;-79,193259025999907;-4,034972528999958
17;Area microcuenca;SS_PUEAR.kmz/Puntos_PUEAR;0;0;0,000000000000000;-1;0;;;1;-79,193080150999947;-4,035292363999929
18;Area microcuenca;SS_PUEAR.kmz/Puntos_PUEAR;0;0;0,000000000000000;-1;0;;;1;-79,192798020999930;-4,035399414999915
19;Area microcuenca;SS_PUEAR.kmz/Puntos_PUEAR;0;0;0,000000000000000;-1;0;;;1;-79,192206043999931;-4,035342035999918
20;Area microcuenca;SS_PUEAR.kmz/Puntos_PUEAR;0;0;0,000000000000000;-1;0;;;1;-79,191868079999949;-4,035367987999962
21;Area microcuenca;SS_PUEAR.kmz/Puntos_PUEAR;0;0;0,000000000000000;-1;0;;;1;-79,191596586999935;-4,035453532999952
22;Area microcuenca;SS_PUEAR.kmz/Puntos_PUEAR;0;0;0,000000000000000;-1;0;;;1;-79,191340094999930;-4,035533484999917
23;Area microcuenca;SS_PUEAR.kmz/Puntos_PUEAR;0;0;0,000000000000000;-1;0;;;1;-79,191017399999907;-4,035628597999960
24;Area microcuenca;SS_PUEAR.kmz/Puntos_PUEAR;0;0;0,000000000000000;-1;0;;;1;-79,190764816999945;-4,035677510999960
25;Area microcuenca;SS_PUEAR.kmz/Puntos_PUEAR;0;0;0,000000000000000;-1;0;;;1;-79,190269123999940;-4,035876247999909
26;Area microcuenca;SS_PUEAR.kmz/Puntos_PUEAR;0;0;0,000000000000000;-1;0;;;1;-79,189894346999949;-4,035963981999942
27;Area microcuenca;SS_PUEAR.kmz/Puntos_PUEAR;0;0;0,000000000000000;-1;0;;;1;-79,189359503999924;-4,036123288999931
28;Area microcuenca;SS_PUEAR.kmz/Puntos_PUEAR;0;0;0,000000000000000;-1;0;;;1;-79,188669869999899;-4,036167269999908
29;Area microcuenca;SS_PUEAR.kmz/Puntos_PUEAR;0;0;0,000000000000000;-1;0;;;1;-79,187743684999930;-4,036201216999928
30;Area microcuenca;SS_PUEAR.kmz/Puntos_PUEAR;0;0;0,000000000000000;-1;0;;;1;-79,187488098999950;-4,037535214999934
31;Area microcuenca;SS_PUEAR.kmz/Puntos_PUEAR;0;0;0,000000000000000;-1;0;;;1;-79,187372970999945;-4,039037633999953
32;Area microcuenca;SS_PUEAR.kmz/Puntos_PUEAR;0;0;0,000000000000000;-1;0;;;1;-79,186856196999940;-4,040719185999933
33;Area microcuenca;SS_PUEAR.kmz/Puntos_PUEAR;0;0;0,000000000000000;-1;0;;;1;-79,186479884999926;-4,041358507999917
34;Area microcuenca;SS_PUEAR.kmz/Puntos_PUEAR;0;0;0,000000000000000;-1;0;;;1;-79,186423989999923;-4,041730709999911
35;Area microcuenca;SS_PUEAR.kmz/Puntos_PUEAR;0;0;0,000000000000000;-1;0;;;1;-79,186527778999903;-4,041948152999908
36;Area microcuenca;SS_PUEAR.kmz/Puntos_PUEAR;0;0;0,000000000000000;-1;0;;;1;-79,186704869999915;-4,042017387999920
37;Area microcuenca;SS_PUEAR.kmz/Puntos_PUEAR;0;0;0,000000000000000;-1;0;;;1;-79,186921188999918;-4,042023139999913
38;Area microcuenca;SS_PUEAR.kmz/Puntos_PUEAR;0;0;0,000000000000000;-1;0;;;1;-79,187261106999927;-4,041965556999912
39;Area microcuenca;SS_PUEAR.kmz/Puntos_PUEAR;0;0;0,000000000000000;-1;0;;;1;-79,187883670999952;-4,041640876999907
40;Area microcuenca;SS_PUEAR.kmz/Puntos_PUEAR;0;0;0,000000000000000;-1;0;;;1;-79,188307253999938;-4,041507140999954
41;Area microcuenca;SS_PUEAR.kmz/Puntos_PUEAR;0;0;0,000000000000000;-1;0;;;1;-79,189089221999950;-4,041677017999916
42;Area microcuenca;SS_PUEAR.kmz/Puntos_PUEAR;0;0;0,000000000000000;-1;0;;;1;-79,189817030999905;-4,041420891999906
43;Area microcuenca;SS_PUEAR.kmz/Puntos_PUEAR;0;0;0,000000000000000;-1;0;;;1;-79,190256296999905;-4,041308544999936
44;Area microcuenca;SS_PUEAR.kmz/Puntos_PUEAR;0;0;0,000000000000000;-1;0;;;1;-79,190295103999915;-4,040922278999915
45;Area microcuenca;SS_PUEAR.kmz/Puntos_PUEAR;0;0;0,000000000000000;-1;0;;;1;-79,190286039999933;-4,040829456999916
46;Area microcuenca;SS_PUEAR.kmz/Puntos_PUEAR;0;0;0,000000000000000;-1;0;;;1;-79,190333086999942;-4,040749057999960
47;Area microcuenca;SS_PUEAR.kmz/Puntos_PUEAR;0;0;0,000000000000000;-1;0;;;1;-79,190449291999926;-4,040688244999956
48;Area microcuenca;SS_PUEAR.kmz/Puntos_PUEAR;0;0;0,000000000000000;-1;0;;;1;-79,190692288999912;-4,040779806999922
49;Area microcuenca;SS_PUEAR.kmz/Puntos_PUEAR;0;0;0,000000000000000;-1;0;;;1;-79,190979937999941;-4,040859796999939
50;Area microcuenca;SS_PUEAR.kmz/Puntos_PUEAR;0;0;0,000000000000000;-1;0;;;1;-79,191260142999909;-4,040871149999930
51;Area microcuenca;SS_PUEAR.kmz/Puntos_PUEAR;0;0;0,000000000000000;-1;0;;;1;-79,191462470999909;-4,040871150999919
52;Area microcuenca;SS_PUEAR.kmz/Puntos_PUEAR;0;0;0,000000000000000;-1;0;;;1;-79,191530511999929;-4,040854116999924
53;Area microcuenca;SS_PUEAR.kmz/Puntos_PUEAR;0;0;0,000000000000000;-1;0;;;1;-79,191533557999946;-4,040616995999926
54;Area microcuenca;SS_PUEAR.kmz/Puntos_PUEAR;0;0;0,000000000000000;-1;0;;;1;-79,191340740999919;-4,040486339999916
55;Area microcuenca;SS_PUEAR.kmz/Puntos_PUEAR;0;0;0,000000000000000;-1;0;;;1;-79,190976975999945;-4,040279521999935
56;Area microcuenca;SS_PUEAR.kmz/Puntos_PUEAR;0;0;0,000000000000000;-1;0;;;1;-79,190669433999915;-4,040110894999941
57;Area microcuenca;SS_PUEAR.kmz/Puntos_PUEAR;0;0;0,000000000000000;-1;0;;;1;-79,190579130999936;-4,040028273999951
58;Area microcuenca;SS_PUEAR.kmz/Puntos_PUEAR;0;0;0,000000000000000;-1;0;;;1;-79,190537415999927;-4,039938232999930
59;Area microcuenca;SS_PUEAR.kmz/Puntos_PUEAR;0;0;0,000000000000000;-1;0;;;1;-79,190829382999937;-4,039820812999949
60;Area microcuenca;SS_PUEAR.kmz/Puntos_PUEAR;0;0;0,000000000000000;-1;0;;;1;-79,191595963999930;-4,039787858999944
61;Area microcuenca;SS_PUEAR.kmz/Puntos_PUEAR;0;0;0,000000000000000;-1;0;;;1;-79,191883759999939;-4,039748117999920
62;Area microcuenca;SS_PUEAR.kmz/Puntos_PUEAR;0;0;0,000000000000000;-1;0;;;1;-79,192689447999896;-4,039463817999945
63;Area microcuenca;SS_PUEAR.kmz/Puntos_PUEAR;0;0;0,000000000000000;-1;0;;;1;-79,193807055999912;-4,039359586999922
64;Area microcuenca;SS_PUEAR.kmz/Puntos_PUEAR;0;0;0,000000000000000;-1;0;;;1;-79,194421190999947;-4,039239711999926
65;Area microcuenca;SS_PUEAR.kmz/Puntos_PUEAR;0;0;0,000000000000000;-1;0;;;1;-79,194558921999942;-4,038992381999947
66;Area microcuenca;SS_PUEAR.kmz/Puntos_PUEAR;0;0;0,000000000000000;-1;0;;;1;-79,194920761999924;-4,038684252999929
67;Area microcuenca;SS_PUEAR.kmz/Puntos_PUEAR;0;0;0,000000000000000;-1;0;;;1;-79,195159741999930;-4,038563124999939
68;Area microcuenca;SS_PUEAR.kmz/Puntos_PUEAR;0;0;0,000000000000000;-1;0;;;1;-79,195510621999915;-4,038370063999935
69;Area microcuenca;SS_PUEAR.kmz/Puntos_PUEAR;0;0;0,000000000000000;-1;0;;;1;-79,195617863999928;-4,038044182999954
70;Area microcuenca;SS_PUEAR.kmz/Puntos_PUEAR;0;0;0,000000000000000;-1;0;;;1;-79,195869355999946;-4,037816237999948
71;Area microcuenca;SS_PUEAR.kmz/Puntos_PUEAR;0;0;0,000000000000000;-1;0;;;1;-79,195965537999939;-4,037723417999928
72;Area microcuenca;SS_PUEAR.kmz/Puntos_PUEAR;0;0;0,000000000000000;-1;0;;;1;-79,196194792999904;-4,037552719999951
73;Area microcuenca;SS_PUEAR.kmz/Puntos_PUEAR;0;0;0,000000000000000;-1;0;;;1;-79,196492089999936;-4,037469144999932
74;Area microcuenca;SS_PUEAR.kmz/Puntos_PUEAR;0;0;0,000000000000000;-1;0;;;1;-79,196835680999925;-4,037238431999924
75;Area microcuenca;SS_PUEAR.kmz/Puntos_PUEAR;0;0;0,000000000000000;-1;0;;;1;-79,197112254999922;-4,037064631999954
76;Area microcuenca;SS_PUEAR.kmz/Puntos_PUEAR;0;0;0,000000000000000;-1;0;;;1;-79,197339209999939;-4,036778610999932
77;Area microcuenca;SS_PUEAR.kmz/Puntos_PUEAR;0;0;0,000000000000000;-1;0;;;1;-79,197356897999953;-4,036751641999956
78;Area microcuenca;SS_PUEAR.kmz/Puntos_PUEAR;0;0;0,000000000000000;-1;0;;;1;-79,197346839999909;-4,036623038999949
79;Area microcuenca;SS_PUEAR.kmz/Puntos_PUEAR;0;0;0,000000000000000;-1;0;;;1;-79,197347733999948;-4,036539915999924
80;Area microcuenca;SS_PUEAR.kmz/Puntos_PUEAR;0;0;0,000000000000000;-1;0;;;1;-79,197304319999944;-4,036467859999959