OID	LEFT_FID	RIGHT_FID	ORIG_FID	Puntos_x_m	Puntos_y_m	Punto_X_Km	Punto_Y_Km
-1	-1	0	0	692080,5	9562610,1	692,0805	9562,6101
-1	-1	0	0	692080,5	9562634,1	692,0805	9562,6341
-1	-1	0	0	692082,0988	9562635,636	692,0820988	9562,635636
-1	-1	0	0	692095,23	9562823,493	692,09523	9562,823493
-1	-1	0	0	692102,0021	9562906,554	692,1020021	9562,906554
-1	-1	0	0	692114,97	9562965,63	692,11497	9562,96563
-1	-1	0	0	692136,03	9563061,57	692,13603	9563,06157
-1	-1	0	0	692150,7524	9563128,639	692,1507524	9563,128639
-1	-1	0	0	692200,6473	9563193,732	692,2006473	9563,193732
-1	-1	0	0	692268,0975	9563253,396	692,2680975	9563,253396
-1	-1	0	0	692358,3057	9563290,691	692,3583057	9563,290691
-1	-1	0	0	692458,0556	9563314,532	692,4580556	9563,314532
-1	-1	0	0	692494,4718	9563354,438	692,4944718	9563,354438
-1	-1	0	0	692548,8519	9563428,359	692,5488519	9563,428359
-1	-1	0	0	692546,8331	9563527,28	692,5468331	9563,52728
-1	-1	0	0	692555,1445	9563623,911	692,5551445	9563,623911
-1	-1	0	0	692571,7414	9563718,786	692,5717414	9563,718786
-1	-1	0	0	692567,2429	9563793,674	692,5672429	9563,793674
-1	-1	0	0	692576,0045	9563992,889	692,5760045	9563,992889
-1	-1	0	0	692586,6644	9564144,599	692,5866644	9564,144599
-1	-1	0	0	692568,0802	9564233,374	692,5680802	9564,233374
-1	-1	0	0	692552,8816	9564398,24	692,5528816	9564,39824
-1	-1	0	0	692514,2093	9564511,224	692,5142093	9564,511224
-1	-1	0	0	692546,9997	9564573,372	692,5469997	9564,573372
-1	-1	0	0	692566,9698	9564603,831	692,5669698	9564,603831
-1	-1	0	0	692606,7842	9564658,34	692,6067842	9564,65834
-1	-1	0	0	692615,97	9564681,63	692,61597	9564,68163
-1	-1	0	0	692697,8832	9564832,164	692,6978832	9564,832164
-1	-1	0	0	692724,3247	9564919,544	692,7243247	9564,919544
-1	-1	0	0	692714,2723	9564976,958	692,7142723	9564,976958
-1	-1	0	0	692681,97	9565077,57	692,68197	9565,07757
-1	-1	0	0	692678,9212	9565133,63	692,6789212	9565,13363
-1	-1	0	0	692634,3974	9565257,682	692,6343974	9565,257682
-1	-1	0	0	692598,4216	9565310,756	692,5984216	9565,310756
-1	-1	0	0	692583,1527	9565344,864	692,5831527	9565,344864
-1	-1	0	0	692551,6524	9565426,187	692,5516524	9565,426187
-1	-1	0	0	692534,97	9565458,57	692,53497	9565,45857
-1	-1	0	0	692454,5816	9565616,438	692,4545816	9565,616438
-1	-1	0	0	692415,03	9565689,63	692,41503	9565,68963
-1	-1	0	0	692361,6836	9565788,267	692,3616836	9565,788267
-1	-1	0	0	692318,638	9565890,865	692,318638	9565,890865
-1	-1	0	0	692279,6951	9565960,528	692,2796951	9565,960528
-1	-1	0	0	692265,9625	9566033,192	692,2659625	9566,033192
-1	-1	0	0	692260,9656	9566121,274	692,2609656	9566,121274
-1	-1	0	0	692293,0729	9566187,454	692,2930729	9566,187454
-1	-1	0	0	692351,5326	9566243,621	692,3515326	9566,243621
-1	-1	0	0	692444,7039	9566343,262	692,4447039	9566,343262
-1	-1	0	0	692498,97	9566394,63	692,49897	9566,39463
-1	-1	0	0	692560,3303	9566451,089	692,5603303	9566,451089
-1	-1	0	0	692758,4799	9566661,537	692,75848	9566,661537
-1	-1	0	0	692860,4824	9566744,513	692,8604824	9566,744513
-1	-1	0	0	692900,8866	9566791,36	692,9008866	9566,79136
-1	-1	0	0	692946,8401	9566853,827	692,9468401	9566,853827
-1	-1	0	0	692969,7148	9566892,361	692,9697148	9566,892361
-1	-1	0	0	693024,5767	9566950,146	693,0245767	9566,950146
-1	-1	0	0	693038,196	9566978,218	693,038196	9566,978218
-1	-1	0	0	693059,4567	9567016,996	693,0594567	9567,016996
-1	-1	0	0	693077,97	9567075,929	693,07797	9567,075929
-1	-1	0	0	693074,6755	9567146,189	693,0746755	9567,146189
-1	-1	0	0	693068,05	9567193,65	693,06805	9567,19365
-1	-1	0	0	693046,3464	9567311,623	693,0463464	9567,311623
-1	-1	0	0	693017,75	9567489,748	693,01775	9567,489748
-1	-1	0	0	692977,1149	9567488,919	692,9771149	9567,488919
-1	-1	0	0	692950,69	9567506,244	692,95069	9567,506244
-1	-1	0	0	692934,2751	9567549,618	692,9342751	9567,549618
-1	-1	0	0	692933,3631	9567594,308	692,9333631	9567,594308
-1	-1	0	0	692937,15	9567663,94	692,93715	9567,66394
-1	-1	0	0	692942,97	9567705,63	692,94297	9567,70563
-1	-1	0	0	692954,97	9567775,983	692,95497	9567,775983
-1	-1	0	0	692952,03	9567849,63	692,95203	9567,84963
-1	-1	0	0	692943,03	9568014,393	692,94303	9568,014393
-1	-1	0	0	692946,5839	9568047,318	692,9465839	9568,047318
-1	-1	0	0	692979,8042	9568149,69	692,9798042	9568,14969
-1	-1	0	0	692997,79	9568191,26	692,99779	9568,19126
-1	-1	0	0	693010,9814	9568247,957	693,0109814	9568,247957
-1	-1	0	0	693017,2485	9568309,276	693,0172485	9568,309276
-1	-1	0	0	693018,2143	9568356,6	693,0182143	9568,3566
-1	-1	0	0	693017,7913	9568377,327	693,0177913	9568,377327
-1	-1	0	0	693064,4914	9568456,466	693,0644914	9568,456466
-1	-1	0	0	693097,1394	9568519,841	693,0971394	9568,519841
-1	-1	0	0	693133,9938	9568616,251	693,1339938	9568,616251
-1	-1	0	0	693138,03	9568671,57	693,13803	9568,67157
-1	-1	0	0	693140,9892	9568879,985	693,1409892	9568,879985
-1	-1	0	0	693162,6634	9568979,203	693,1626634	9568,979203
-1	-1	0	0	693173,6926	9569069,461	693,1736926	9569,069461
-1	-1	0	0	693209,3237	9569147,396	693,2093237	9569,147396
-1	-1	0	0	693248,1395	9569248,936	693,2481395	9569,248936
-1	-1	0	0	693249,8555	9569333,019	693,2498555	9569,333019
-1	-1	0	0	693234,7833	9569394,846	693,2347833	9569,394846
-1	-1	0	0	693135,5045	9569571,091	693,1355045	9569,571091
-1	-1	0	0	693086,5508	9569626,739	693,0865508	9569,626739
-1	-1	0	0	693020,3513	9569707,323	693,0203513	9569,707323
-1	-1	0	0	692991,7384	9569777,864	692,9917384	9569,777864
-1	-1	0	0	692966,8623	9569897,849	692,9668623	9569,897849
-1	-1	0	0	692942,6105	9570011,946	692,9426105	9570,011946
-1	-1	0	0	692903,8773	9570153,121	692,9038773	9570,153121
-1	-1	0	0	692871,9802	9570251,416	692,8719802	9570,251416
-1	-1	0	0	692852,3936	9570302,06	692,8523936	9570,30206
-1	-1	0	0	692818,0937	9570419,227	692,8180937	9570,419227
-1	-1	0	0	692813,135	9570464,868	692,813135	9570,464868
-1	-1	0	0	692744,0042	9570659,75	692,7440042	9570,65975
-1	-1	0	0	692728,2017	9570765,913	692,7282017	9570,765913
-1	-1	0	0	692705,7349	9570831,551	692,7057349	9570,831551
-1	-1	0	0	692699,7093	9570936,2	692,6997093	9570,9362
-1	-1	0	0	692676,0439	9571190,952	692,6760439	9571,190952
-1	-1	0	0	692675,8163	9571202,1	692,6758163	9571,2021
-1	-1	0	0	692676,03	9571212,57	692,67603	9571,21257
-1	-1	0	0	692678,9864	9571369,499	692,6789864	9571,369499
-1	-1	0	0	692687,6789	9571538,205	692,6876789	9571,538205
-1	-1	0	0	692714,2728	9571641,581	692,7142728	9571,641581
-1	-1	0	0	692763,3018	9571753,189	692,7633018	9571,753189
-1	-1	0	0	692841,8508	9571971,58	692,8418508	9571,97158
-1	-1	0	0	692869,818	9572091,018	692,869818	9572,091018
-1	-1	0	0	692863,0663	9572180,719	692,8630663	9572,180719
-1	-1	0	0	692834,118	9572248,913	692,834118	9572,248913
-1	-1	0	0	692782,7852	9572283,709	692,7827852	9572,283709
-1	-1	0	0	692730,135	9572302,985	692,730135	9572,302985
-1	-1	0	0	692667,4171	9572320,675	692,6674171	9572,320675
-1	-1	0	0	692594,2207	9572362,93	692,5942207	9572,36293
-1	-1	0	0	692535,6192	9572427,146	692,5356192	9572,427146
-1	-1	0	0	692510,4863	9572493,557	692,5104863	9572,493557
-1	-1	0	0	692503,3659	9572598,128	692,5033659	9572,598128
-1	-1	0	0	692528,6792	9572696,118	692,5286792	9572,696118
-1	-1	0	0	692556,03	9572700,57	692,55603	9572,70057
-1	-1	0	0	692604,8613	9572708,899	692,6048613	9572,708899
-1	-1	0	0	692666,97	9572712,63	692,66697	9572,71263
-1	-1	0	0	692772,2393	9572715,754	692,7722393	9572,715754
-1	-1	0	0	692828,6413	9572726,765	692,8286413	9572,726765
-1	-1	0	0	692887,3497	9572751,088	692,8873497	9572,751088
-1	-1	0	0	692944,1227	9572794,606	692,9441227	9572,794606
-1	-1	0	0	692981,2631	9572835,304	692,9812631	9572,835304
-1	-1	0	0	693011,6815	9572877,599	693,0116815	9572,877599
-1	-1	0	0	693047,1985	9572946,544	693,0471985	9572,946544
-1	-1	0	0	693062,4474	9572982,466	693,0624474	9572,982466
-1	-1	0	0	693120,8897	9573115,501	693,1208897	9573,115501
-1	-1	0	0	693145,1471	9573175,304	693,1451471	9573,175304
-1	-1	0	0	693162,3614	9573225,597	693,1623614	9573,225597
-1	-1	0	0	693184,0863	9573298,645	693,1840863	9573,298645
-1	-1	0	0	693210,1306	9573352,328	693,2101306	9573,352328
-1	-1	0	0	693249,5047	9573408,305	693,2495047	9573,408305
-1	-1	0	0	693283,9902	9573468,182	693,2839902	9573,468182
-1	-1	0	0	693288,6262	9573496,661	693,2886262	9573,496661
-1	-1	0	0	693330,3116	9573545,596	693,3303116	9573,545596
-1	-1	0	0	693387,8086	9573585,552	693,3878086	9573,585552
-1	-1	0	0	693560,5022	9573645,902	693,5605022	9573,645902
-1	-1	0	0	693675,2628	9573675,313	693,6752628	9573,675313
-1	-1	0	0	693882,5226	9573711,57	693,8825226	9573,71157
-1	-1	0	0	694034,9575	9573708,572	694,0349575	9573,708572
-1	-1	0	0	694050,03	9573705,63	694,05003	9573,70563
-1	-1	0	0	694086,0445	9573697,529	694,0860445	9573,697529
-1	-1	0	0	694122,4047	9573706,393	694,1224047	9573,706393
-1	-1	0	0	694190,8392	9573754,53	694,1908392	9573,75453
-1	-1	0	0	694230,72	9573780,028	694,23072	9573,780028
-1	-1	0	0	694316,6876	9573819,332	694,3166876	9573,819332
-1	-1	0	0	694422,9712	9573846,57	694,4229712	9573,84657
-1	-1	0	0	694530,03	9573843,63	694,53003	9573,84363
-1	-1	0	0	694611,9335	9573838,71	694,6119335	9573,83871
-1	-1	0	0	694714,2874	9573833,209	694,7142874	9573,833209
-1	-1	0	0	694784,6019	9573851,841	694,7846019	9573,851841
-1	-1	0	0	694859,97	9573891,63	694,85997	9573,89163
-1	-1	0	0	694927,9944	9573927,163	694,9279944	9573,927163
-1	-1	0	0	694979,3901	9573976,543	694,9793901	9573,976543
-1	-1	0	0	695014,6908	9574025,292	695,0146908	9574,025292
-1	-1	0	0	695115,4845	9574121,474	695,1154845	9574,121474
-1	-1	0	0	695196,6899	9574181,458	695,1966899	9574,181458
-1	-1	0	0	695257,7267	9574210,465	695,2577267	9574,210465
-1	-1	0	0	695395,7358	9574224,57	695,3957358	9574,22457
-1	-1	0	0	695477,7396	9574220,82	695,4777396	9574,22082
-1	-1	0	0	695499,3651	9574215,548	695,4993651	9574,215548
-1	-1	0	0	695548,823	9574190,07	695,548823	9574,19007
-1	-1	0	0	695603,9579	9574171,198	695,6039579	9574,171198
-1	-1	0	0	695669,97	9574155,57	695,66997	9574,15557
-1	-1	0	0	695838,3486	9574129,464	695,8383486	9574,129464
-1	-1	0	0	695947,7047	9574112,069	695,9477047	9574,112069
-1	-1	0	0	696003,03	9574092,63	696,00303	9574,09263
-1	-1	0	0	696063,2688	9574064,401	696,0632688	9574,064401
-1	-1	0	0	696110,8293	9574045,109	696,1108293	9574,045109
-1	-1	0	0	696205,3246	9574028,893	696,2053246	9574,028893
-1	-1	0	0	696305,4792	9573989,823	696,3054792	9573,989823
-1	-1	0	0	696428,2463	9573923,07	696,4282463	9573,92307
-1	-1	0	0	696513,03	9573882,63	696,51303	9573,88263
-1	-1	0	0	696605,97	9573837,57	696,60597	9573,83757
-1	-1	0	0	696657,03	9573816,63	696,65703	9573,81663
-1	-1	0	0	696710,1431	9573785,507	696,7101431	9573,785507
-1	-1	0	0	696754,3857	9573768,764	696,7543857	9573,768764
-1	-1	0	0	696803,9363	9573762,709	696,8039363	9573,762709
-1	-1	0	0	696829,4513	9573741,29	696,8294513	9573,74129
-1	-1	0	0	696878,8356	9573745,007	696,8788356	9573,745007
-1	-1	0	0	696934,5853	9573765,418	696,9345853	9573,765418
-1	-1	0	0	696973,444	9573766,211	696,973444	9573,766211
-1	-1	0	0	697135,0737	9573762,152	697,1350737	9573,762152
-1	-1	0	0	697208,6667	9573744,211	697,2086667	9573,744211
-1	-1	0	0	697251,5153	9573726,831	697,2515153	9573,726831
-1	-1	0	0	697338,03	9573699,63	697,33803	9573,69963
-1	-1	0	0	697431,5292	9573669,389	697,4315292	9573,669389
-1	-1	0	0	697484,7151	9573659,006	697,4847151	9573,659006
-1	-1	0	0	697515,03	9573645,63	697,51503	9573,64563
-1	-1	0	0	697594,5776	9573607,483	697,5945776	9573,607483
-1	-1	0	0	697661,97	9573594,57	697,66197	9573,59457
-1	-1	0	0	697696,3506	9573589,77	697,6963506	9573,58977
-1	-1	0	0	697744,6926	9573553,935	697,7446926	9573,553935
-1	-1	0	0	697797,0912	9573497,949	697,7970912	9573,497949
-1	-1	0	0	697836,0136	9573423,77	697,8360135	9573,42377
-1	-1	0	0	697847,3313	9573411,99	697,8473313	9573,41199
-1	-1	0	0	697865,1899	9573402,79	697,8651899	9573,40279
-1	-1	0	0	697890,4303	9573395,671	697,8904303	9573,395671
-1	-1	0	0	697928,5232	9573364,159	697,9285232	9573,364159
-1	-1	0	0	697944,8251	9573342,675	697,9448251	9573,342675
-1	-1	0	0	697970,97	9573306,57	697,97097	9573,30657
-1	-1	0	0	698012,5247	9573261,395	698,0125247	9573,261395
-1	-1	0	0	698049,8701	9573216,908	698,0498701	9573,216908
-1	-1	0	0	698075,3328	9573176,431	698,0753328	9573,176431
-1	-1	0	0	698084,9546	9573148,321	698,0849546	9573,148321
-1	-1	0	0	698085,1531	9573138,6	698,0851531	9573,1386
-1	-1	0	0	698084,5023	9573106,717	698,0845023	9573,106717
-1	-1	0	0	698090,6565	9573094,032	698,0906565	9573,094032
-1	-1	0	0	698102,3324	9573076,807	698,1023324	9573,076807
-1	-1	0	0	698114,139	9573053,889	698,114139	9573,053889
-1	-1	0	0	698122,1869	9573033,484	698,1221869	9573,033484
-1	-1	0	0	698156,4093	9572992,115	698,1564093	9572,992115
-1	-1	0	0	698187,973	9572967,441	698,187973	9572,967441
-1	-1	0	0	698231,116	9572941,83	698,231116	9572,94183
-1	-1	0	0	698243,6851	9572923,287	698,2436851	9572,923287
-1	-1	0	0	698256,7646	9572878,091	698,2567646	9572,878091
-1	-1	0	0	698229,6079	9572858,826	698,2296079	9572,858826
-1	-1	0	0	698221,8845	9572828,688	698,2218845	9572,828688
-1	-1	0	0	698234,97	9572783,471	698,23497	9572,783471
-1	-1	0	0	698230,9629	9572756,349	698,2309629	9572,756349
-1	-1	0	0	698204,6854	9572733,685	698,2046854	9572,733685
-1	-1	0	0	698177,1112	9572733,123	698,1771112	9572,733123
-1	-1	0	0	698159,2782	9572737,47	698,1592782	9572,73747
-1	-1	0	0	698153,4331	9572743,086	698,1534331	9572,743086
-1	-1	0	0	698122,9801	9572789,535	698,1229801	9572,789535
-1	-1	0	0	698097,676	9572802,57	698,097676	9572,80257
-1	-1	0	0	698080,028	9572797,224	698,080028	9572,797224
-1	-1	0	0	698052,6493	9572779,274	698,0526493	9572,779274
-1	-1	0	0	698019,2117	9572741,264	698,0192117	9572,741264
-1	-1	0	0	698009,97	9572727,63	698,00997	9572,72763
-1	-1	0	0	697998,03	9572706,57	697,99803	9572,70657
-1	-1	0	0	697986,03	9572690,756	697,98603	9572,690756
-1	-1	0	0	697988,97	9572649,57	697,98897	9572,64957
-1	-1	0	0	698000,97	9572574,153	698,00097	9572,574153
-1	-1	0	0	697997,5822	9572553,891	697,9975822	9572,553891
-1	-1	0	0	697982,9799	9572502,12	697,9829799	9572,50212
-1	-1	0	0	697964,8499	9572466,926	697,9648499	9572,466926
-1	-1	0	0	697920,75	9572338,085	697,92075	9572,338085
-1	-1	0	0	697914,0461	9572305,354	697,9140461	9572,305354
-1	-1	0	0	697913,918	9572299,089	697,913918	9572,299089
-1	-1	0	0	697919,6393	9572275,621	697,9196393	9572,275621
-1	-1	0	0	697931,7147	9572245,005	697,9317147	9572,245005
-1	-1	0	0	697987,4894	9572198,184	697,9874894	9572,198184
-1	-1	0	0	698001,6486	9572193,338	698,0016486	9572,193338
-1	-1	0	0	698024,488	9572193,804	698,024488	9572,193804
-1	-1	0	0	698036,7561	9572187,852	698,0367561	9572,187852
-1	-1	0	0	698054,84	9572164,02	698,05484	9572,16402
-1	-1	0	0	698065,5018	9572127,178	698,0655018	9572,127178
-1	-1	0	0	698071,2667	9572093,379	698,0712667	9572,093379
-1	-1	0	0	698061,03	9572079,57	698,06103	9572,07957
-1	-1	0	0	698028,3373	9572039,07	698,0283373	9572,03907
-1	-1	0	0	698024,97	9572022,63	698,02497	9572,02263
-1	-1	0	0	698020,8556	9571976,365	698,0208556	9571,976365
-1	-1	0	0	698014,8135	9571951,58	698,0148135	9571,95158
-1	-1	0	0	698001,323	9571944,63	698,001323	9571,94463
-1	-1	0	0	697955,0284	9571950,219	697,9550284	9571,950219
-1	-1	0	0	697921,8036	9571955,886	697,9218036	9571,955886
-1	-1	0	0	697884,1663	9571937,626	697,8841663	9571,937626
-1	-1	0	0	697863,4244	9571924,027	697,8634244	9571,924027
-1	-1	0	0	697844,97	9571902,63	697,84497	9571,90263
-1	-1	0	0	697823,3862	9571875,406	697,8233862	9571,875406
-1	-1	0	0	697797,4805	9571845,64	697,7974805	9571,84564
-1	-1	0	0	697779,5229	9571845,274	697,7795229	9571,845274
-1	-1	0	0	697735,7684	9571887,313	697,7357684	9571,887313
-1	-1	0	0	697714,2795	9571926,234	697,7142795	9571,926234
-1	-1	0	0	697695,2999	9571931,099	697,6952999	9571,931099
-1	-1	0	0	697670,3163	9571925,008	697,6703163	9571,925008
-1	-1	0	0	697659,7709	9571904,537	697,6597709	9571,904537
-1	-1	0	0	697655,6774	9571833,448	697,6556774	9571,833448
-1	-1	0	0	697639,7399	9571816,86	697,6397399	9571,81686
-1	-1	0	0	697609,2264	9571787,543	697,6092264	9571,787543
-1	-1	0	0	697593,078	9571760,914	697,593078	9571,760914
-1	-1	0	0	697591,897	9571703,054	697,591897	9571,703054
-1	-1	0	0	697610,97	9571623,343	697,61097	9571,623343
-1	-1	0	0	697605,1172	9571599,906	697,6051172	9571,599906
-1	-1	0	0	697590,7412	9571584,943	697,5907412	9571,584943
-1	-1	0	0	697567,9189	9571575,686	697,5679189	9571,575686
-1	-1	0	0	697507,4828	9571571,988	697,5074828	9571,571988
-1	-1	0	0	697482,5101	9571563,885	697,4825101	9571,563885
-1	-1	0	0	697465,0668	9571552,448	697,4650668	9571,552448
-1	-1	0	0	697443,75	9571531,968	697,44375	9571,531968
-1	-1	0	0	697431,1088	9571507,429	697,4311088	9571,507429
-1	-1	0	0	697430,9692	9571500,6	697,4309692	9571,5006
-1	-1	0	0	697432,366	9571432,169	697,432366	9571,432169
-1	-1	0	0	697419,4688	9571399,47	697,4194687	9571,39947
-1	-1	0	0	697409,6506	9571382,931	697,4096506	9571,382931
-1	-1	0	0	697366,3594	9571325,878	697,3663594	9571,325878
-1	-1	0	0	697344,8364	9571288,508	697,3448364	9571,288508
-1	-1	0	0	697338,3563	9571256,869	697,3383563	9571,256869
-1	-1	0	0	697349,67	9571222,005	697,34967	9571,222005
-1	-1	0	0	697411,7889	9571157,35	697,4117889	9571,15735
-1	-1	0	0	697430,97	9571149,57	697,43097	9571,14957
-1	-1	0	0	697446,03	9571143,63	697,44603	9571,14363
-1	-1	0	0	697484,97	9571125,57	697,48497	9571,12557
-1	-1	0	0	697528,6073	9571108,879	697,5286073	9571,108879
-1	-1	0	0	697544,8198	9571093,302	697,5448198	9571,093302
-1	-1	0	0	697550,97	9571063,276	697,55097	9571,063276
-1	-1	0	0	697546,559	9571021,707	697,546559	9571,021707
-1	-1	0	0	697527,5698	9571008,835	697,5275698	9571,008835
-1	-1	0	0	697505,1892	9571001,175	697,5051892	9571,001175
-1	-1	0	0	697468,5908	9571011,497	697,4685908	9571,011497
-1	-1	0	0	697420,4626	9571031,438	697,4204626	9571,031438
-1	-1	0	0	697354,2052	9571065,57	697,3542052	9571,06557
-1	-1	0	0	697276,4095	9571061,429	697,2764095	9571,061429
-1	-1	0	0	697242,1597	9571046,89	697,2421597	9571,04689
-1	-1	0	0	697215,3512	9571027,017	697,2153512	9571,027017
-1	-1	0	0	697191,1201	9570979,98	697,1911201	9570,97998
-1	-1	0	0	697190,8096	9570964,76	697,1908096	9570,96476
-1	-1	0	0	697195,2001	9570942,269	697,1952001	9570,942269
-1	-1	0	0	697202,5499	9570919,62	697,2025499	9570,91962
-1	-1	0	0	697205,97	9570912,57	697,20597	9570,91257
-1	-1	0	0	697221,8134	9570884,229	697,2218134	9570,884229
-1	-1	0	0	697189,2217	9570822,457	697,1892217	9570,822457
-1	-1	0	0	697158,0344	9570776,448	697,1580344	9570,776448
-1	-1	0	0	697139,2112	9570732,942	697,1392112	9570,732942
-1	-1	0	0	697128,03	9570700,276	697,12803	9570,700276
-1	-1	0	0	697131,7863	9570657,21	697,1317863	9570,65721
-1	-1	0	0	697165,8486	9570621,757	697,1658486	9570,621757
-1	-1	0	0	697226,2606	9570592,449	697,2262606	9570,592449
-1	-1	0	0	697246,8761	9570566,91	697,2468761	9570,56691
-1	-1	0	0	697253,97	9570532,276	697,25397	9570,532276
-1	-1	0	0	697246,6838	9570505,651	697,2466838	9570,505651
-1	-1	0	0	697206,282	9570413,682	697,206282	9570,413682
-1	-1	0	0	697196,8986	9570351,978	697,1968986	9570,351978
-1	-1	0	0	697179,2611	9570312,579	697,1792611	9570,312579
-1	-1	0	0	697176,03	9570246,57	697,17603	9570,24657
-1	-1	0	0	697170,03	9570170,217	697,17003	9570,170217
-1	-1	0	0	697178,0651	9570151,757	697,1780651	9570,151757
-1	-1	0	0	697196,3811	9570132,693	697,1963811	9570,132693
-1	-1	0	0	697217,97	9570114,57	697,21797	9570,11457
-1	-1	0	0	697235,0248	9570101,048	697,2350248	9570,101048
-1	-1	0	0	697261,7856	9570059,192	697,2617856	9570,059192
-1	-1	0	0	697268,5214	9570032,909	697,2685214	9570,032909
-1	-1	0	0	697232,4353	9570000,68	697,2324353	9570,00068
-1	-1	0	0	697210,5	9570000,233	697,2105	9570,000233
-1	-1	0	0	697161,9456	9570001,224	697,1619456	9570,001224
-1	-1	0	0	697138,0236	9569988,9	697,1380236	9569,9889
-1	-1	0	0	697125,03	9569985,57	697,12503	9569,98557
-1	-1	0	0	697058,3914	9569982,308	697,0583914	9569,982308
-1	-1	0	0	697029,7679	9569949,12	697,0297679	9569,94912
-1	-1	0	0	697020,1377	9569915,843	697,0201377	9569,915843
-1	-1	0	0	697019,3782	9569878,634	697,0193782	9569,878634
-1	-1	0	0	697023,7899	9569851,533	697,0237899	9569,851533
-1	-1	0	0	697031,3701	9569828,174	697,0313701	9569,828174
-1	-1	0	0	697043,4899	9569803,192	697,0434899	9569,803192
-1	-1	0	0	697066,1664	9569779,59	697,0661664	9569,77959
-1	-1	0	0	697084,4524	9569770,17	697,0844524	9569,77017
-1	-1	0	0	697103,1493	9569763,77	697,1031493	9569,76377
-1	-1	0	0	697115,5111	9569763,518	697,1155111	9569,763518
-1	-1	0	0	697134,8317	9569768,228	697,1348317	9569,768228
-1	-1	0	0	697161,798	9569785,908	697,161798	9569,785908
-1	-1	0	0	697179,03	9569799,57	697,17903	9569,79957
-1	-1	0	0	697224,3845	9569841,57	697,2243845	9569,84157
-1	-1	0	0	697244,892	9569836,393	697,244892	9569,836393
-1	-1	0	0	697245,5006	9569806,566	697,2455006	9569,806566
-1	-1	0	0	697232,0006	9569782,755	697,2320006	9569,782755
-1	-1	0	0	697203,9862	9569741,426	697,2039862	9569,741426
-1	-1	0	0	697194,2098	9569722,449	697,1942098	9569,722449
-1	-1	0	0	697189,5663	9569699,776	697,1895663	9569,699776
-1	-1	0	0	697198,2396	9569651,503	697,1982396	9569,651503
-1	-1	0	0	697223,9172	9569592,155	697,2239172	9569,592155
-1	-1	0	0	697224,2567	9569575,514	697,2242567	9569,575514
-1	-1	0	0	697207,4099	9569523,598	697,2074099	9569,523598
-1	-1	0	0	697197,5101	9569503,192	697,1975101	9569,503192
-1	-1	0	0	697180,3678	9569485,35	697,1803678	9569,48535
-1	-1	0	0	697155,676	9569472,63	697,155676	9569,47263
-1	-1	0	0	697128,082	9569476,368	697,128082	9569,476368
-1	-1	0	0	697112,97	9569487,57	697,11297	9569,48757
-1	-1	0	0	697061,7422	9569533,321	697,0617422	9569,533321
-1	-1	0	0	696998,9894	9569577,838	696,9989894	9569,577838
-1	-1	0	0	696986,97	9569595,57	696,98697	9569,59557
-1	-1	0	0	696981,2355	9569607,39	696,9812355	9569,60739
-1	-1	0	0	696967,7461	9569616,534	696,9677461	9569,616534
-1	-1	0	0	696954,3904	9569616,806	696,9543904	9569,616806
-1	-1	0	0	696942,5299	9569609,03	696,9425299	9569,60903
-1	-1	0	0	696938,7107	9569597,872	696,9387107	9569,597872
-1	-1	0	0	696931,0664	9569566,515	696,9310664	9569,566515
-1	-1	0	0	696908,3752	9569548,198	696,9083752	9569,548198
-1	-1	0	0	696856,2228	9569544,273	696,8562228	9569,544273
-1	-1	0	0	696825,5123	9569519,924	696,8255123	9569,519924
-1	-1	0	0	696817,6392	9569481,486	696,8176392	9569,481486
-1	-1	0	0	696827,97	9569435,56	696,82797	9569,43556
-1	-1	0	0	696824,3079	9569399,449	696,8243079	9569,399449
-1	-1	0	0	696810,798	9569371,602	696,810798	9569,371602
-1	-1	0	0	696787,5066	9569344,26	696,7875066	9569,34426
-1	-1	0	0	696756,03	9569316,57	696,75603	9569,31657
-1	-1	0	0	696731,0819	9569295,318	696,7310819	9569,295318
-1	-1	0	0	696712,5601	9569276,04	696,7125601	9569,27604
-1	-1	0	0	696700,0796	9569264,049	696,7000796	9569,264049
-1	-1	0	0	696690,03	9569238,57	696,69003	9569,23857
-1	-1	0	0	696681,03	9569221,1	696,68103	9569,2211
-1	-1	0	0	696686,4104	9569209,15	696,6864104	9569,20915
-1	-1	0	0	696726,1604	9569175,782	696,7261604	9569,175782
-1	-1	0	0	696790,5494	9569170,935	696,7905494	9569,170935
-1	-1	0	0	696813,9086	9569148,492	696,8139086	9569,148492
-1	-1	0	0	696837,1809	9569117,098	696,8371809	9569,117098
-1	-1	0	0	696850,9783	9569109,99	696,8509783	9569,10999
-1	-1	0	0	696864,3208	9569105,423	696,8643208	9569,105423
-1	-1	0	0	696964,3971	9569089,504	696,9643971	9569,089504
-1	-1	0	0	696981,03	9569079,63	696,98103	9569,07963
-1	-1	0	0	696998,9714	9569064,569	696,9989714	9569,064569
-1	-1	0	0	697013,0859	9569064,857	697,0130859	9569,064857
-1	-1	0	0	697024,0697	9569061,293	697,0240697	9569,061293
-1	-1	0	0	697060,218	9569046,63	697,060218	9569,04663
-1	-1	0	0	697095,9672	9569049,649	697,0959672	9569,049649
-1	-1	0	0	697154,5034	9569069,685	697,1545034	9569,069685
-1	-1	0	0	697202,2753	9569074,123	697,2022753	9569,074123
-1	-1	0	0	697287,8079	9569067,882	697,2878079	9569,067882
-1	-1	0	0	697381,4008	9569085,57	697,3814008	9569,08557
-1	-1	0	0	697404,03	9569082,63	697,40403	9569,08263
-1	-1	0	0	697445,6609	9569070,582	697,4456609	9569,070582
-1	-1	0	0	697524,8357	9569067,481	697,5248357	9569,067481
-1	-1	0	0	697554,1355	9569050,869	697,5541355	9569,050869
-1	-1	0	0	697588,9794	9569025,81	697,5889794	9569,02581
-1	-1	0	0	697670,4932	9569022,192	697,6704932	9569,022192
-1	-1	0	0	697724,1764	9569023,287	697,7241764	9569,023287
-1	-1	0	0	697763,9099	9569016,51	697,7639099	9569,01651
-1	-1	0	0	697836,2465	9569006,412	697,8362465	9569,006412
-1	-1	0	0	697899,03	9568992,63	697,89903	9568,99263
-1	-1	0	0	697934,8748	9568978,091	697,9348748	9568,978091
-1	-1	0	0	698057,97	9568938,57	698,05797	9568,93857
-1	-1	0	0	698119,173	9568922,352	698,119173	9568,922352
-1	-1	0	0	698150,5067	9568910,71	698,1505067	9568,91071
-1	-1	0	0	698180,3866	9568898,59	698,1803866	9568,89859
-1	-1	0	0	698238,4797	9568877,004	698,2384797	9568,877004
-1	-1	0	0	698268,03	9568857,63	698,26803	9568,85763
-1	-1	0	0	698319,1648	9568820,28	698,3191648	9568,82028
-1	-1	0	0	698358,3992	9568797,684	698,3583992	9568,797684
-1	-1	0	0	698377,5	9568797,294	698,3775	9568,797294
-1	-1	0	0	698418,657	9568798,134	698,418657	9568,798134
-1	-1	0	0	698444,3518	9568791,87	698,4443518	9568,79187
-1	-1	0	0	698465,7913	9568781,468	698,4657913	9568,781468
-1	-1	0	0	698514,4146	9568742,919	698,5144146	9568,742919
-1	-1	0	0	698580,156	9568647,601	698,580156	9568,647601
-1	-1	0	0	698632,0195	9568577,637	698,6320195	9568,577637
-1	-1	0	0	698687,6008	9568518,726	698,6876008	9568,518726
-1	-1	0	0	698766,03	9568422,63	698,76603	9568,42263
-1	-1	0	0	698799,7441	9568378,647	698,7997441	9568,378647
-1	-1	0	0	698860,1858	9568305,582	698,8601858	9568,305582
-1	-1	0	0	698896,0349	9568278,38	698,8960349	9568,27838
-1	-1	0	0	698962,1089	9568230,86	698,9621089	9568,23086
-1	-1	0	0	699063,0022	9568164,642	699,0630022	9568,164642
-1	-1	0	0	699102,4468	9568147,576	699,1024468	9568,147576
-1	-1	0	0	699168,8936	9568123,248	699,1688936	9568,123248
-1	-1	0	0	699191,97	9568116,57	699,19197	9568,11657
-1	-1	0	0	699239,9399	9568106,04	699,2399399	9568,10604
-1	-1	0	0	699286,7886	9568083,311	699,2867886	9568,083311
-1	-1	0	0	699308,5759	9568069,027	699,3085759	9568,069027
-1	-1	0	0	699327,03	9568047,63	699,32703	9568,04763
-1	-1	0	0	699366,75	9567991,639	699,36675	9567,991639
-1	-1	0	0	699404,4412	9567946,077	699,4044412	9567,946077
-1	-1	0	0	699433,6458	9567923,917	699,4336458	9567,923917
-1	-1	0	0	699481,1733	9567898,126	699,4811733	9567,898126
-1	-1	0	0	699498,03	9567885,63	699,49803	9567,88563
-1	-1	0	0	699557,7715	9567831,635	699,5577715	9567,831635
-1	-1	0	0	699571,916	9567831,347	699,571916	9567,831347
-1	-1	0	0	699618,03	9567834,57	699,61803	9567,83457
-1	-1	0	0	699666,6482	9567842,862	699,6666482	9567,842862
-1	-1	0	0	699740,97	9567852,63	699,74097	9567,85263
-1	-1	0	0	699822,9565	9567855,718	699,8229565	9567,855718
-1	-1	0	0	699973,3733	9567879,111	699,9733733	9567,879111
-1	-1	0	0	700010,116	9567891,035	700,010116	9567,891035
-1	-1	0	0	700060,1792	9567925,91	700,0601792	9567,92591
-1	-1	0	0	700072,6802	9567937,92	700,0726802	9567,93792
-1	-1	0	0	700088,8499	9567954,75	700,0888499	9567,95475
-1	-1	0	0	700113,6812	9567978,607	700,1136812	9567,978607
-1	-1	0	0	700133,7122	9568003,873	700,1337122	9568,003873
-1	-1	0	0	700204,4231	9568057,629	700,2044231	9568,057629
-1	-1	0	0	700249,4187	9568095,401	700,2494187	9568,095401
-1	-1	0	0	700292,3782	9568125,877	700,2923782	9568,125877
-1	-1	0	0	700335,03	9568158,57	700,33503	9568,15857
-1	-1	0	0	700359,8042	9568178,569	700,3598042	9568,178569
-1	-1	0	0	700507,9783	9568264,6	700,5079783	9568,2646
-1	-1	0	0	700677,03	9568350,57	700,67703	9568,35057
-1	-1	0	0	700735,1104	9568385,791	700,7351104	9568,385791
-1	-1	0	0	700758,3274	9568395,209	700,7583274	9568,395209
-1	-1	0	0	700789,5037	9568395,845	700,7895037	9568,395845
-1	-1	0	0	700803,271	9568365,092	700,803271	9568,365092
-1	-1	0	0	700798,3169	9568324,548	700,7983169	9568,324548
-1	-1	0	0	700766,1951	9568225,234	700,7661951	9568,225234
-1	-1	0	0	700755,4497	9568099,033	700,7554497	9568,099033
-1	-1	0	0	700750,8552	9567995,506	700,7508552	9567,995506
-1	-1	0	0	700755,03	9567909,63	700,75503	9567,90963
-1	-1	0	0	700757,97	9567843,57	700,75797	9567,84357
-1	-1	0	0	700761,0718	9567810,178	700,7610718	9567,810178
-1	-1	0	0	700767,0784	9567686,629	700,7670784	9567,686629
-1	-1	0	0	700764,03	9567630,57	700,76403	9567,63057
-1	-1	0	0	700758,03	9567560,099	700,75803	9567,560099
-1	-1	0	0	700761,2761	9567512,042	700,7612761	9567,512042
-1	-1	0	0	700775,8923	9567472,704	700,7758923	9567,472704
-1	-1	0	0	700850,97	9567384,57	700,85097	9567,38457
-1	-1	0	0	700887,9331	9567339,575	700,8879331	9567,339575
-1	-1	0	0	700900,2605	9567321,389	700,9002605	9567,321389
-1	-1	0	0	700921,7747	9567285,912	700,9217747	9567,285912
-1	-1	0	0	700949,9224	9567212,322	700,9499224	9567,212322
-1	-1	0	0	700981,9204	9567135,96	700,9819204	9567,13596
-1	-1	0	0	700996,4172	9567089,151	700,9964172	9567,089151
-1	-1	0	0	701006,7898	9567038,508	701,0067898	9567,038508
-1	-1	0	0	701012,97	9566971,982	701,01297	9566,971982
-1	-1	0	0	701009,1826	9566931,516	701,0091826	9566,931517
-1	-1	0	0	700991,3438	9566900,543	700,9913438	9566,900543
-1	-1	0	0	700997,6792	9566855,162	700,9976792	9566,855162
-1	-1	0	0	701018,2097	9566765,462	701,0182097	9566,765462
-1	-1	0	0	701054,97	9566658,57	701,05497	9566,65857
-1	-1	0	0	701096,2112	9566568,828	701,0962112	9566,568828
-1	-1	0	0	701124,0198	9566503,318	701,1240198	9566,503318
-1	-1	0	0	701196,03	9566397,63	701,19603	9566,39763
-1	-1	0	0	701262,3699	9566300,113	701,2623699	9566,300113
-1	-1	0	0	701376,5369	9566181,286	701,3765369	9566,181286
-1	-1	0	0	701478,5303	9566089,104	701,4785303	9566,089104
-1	-1	0	0	701723,3203	9565914,618	701,7233203	9565,914618
-1	-1	0	0	701748,03	9565902,63	701,74803	9565,90263
-1	-1	0	0	701942,97	9565806,57	701,94297	9565,80657
-1	-1	0	0	702000,03	9565779,63	702,00003	9565,77963
-1	-1	0	0	702138,8848	9565711,653	702,1388848	9565,711653
-1	-1	0	0	702231,03	9565689,63	702,23103	9565,68963
-1	-1	0	0	702312,2278	9565670,201	702,3122278	9565,670201
-1	-1	0	0	702455,6836	9565659,365	702,4556836	9565,659365
-1	-1	0	0	702558,2388	9565665,646	702,5582388	9565,665646
-1	-1	0	0	702666,03	9565662,63	702,66603	9565,66263
-1	-1	0	0	702773,97	9565659,57	702,77397	9565,65957
-1	-1	0	0	702966,03	9565656,63	702,96603	9565,65663
-1	-1	0	0	703109,6909	9565634,696	703,1096909	9565,634696
-1	-1	0	0	703415,1541	9565624,235	703,4151541	9565,624235
-1	-1	0	0	703584,03	9565629,57	703,58403	9565,62957
-1	-1	0	0	703718,083	9565667,468	703,718083	9565,667468
-1	-1	0	0	703775,97	9565683,63	703,77597	9565,68363
-1	-1	0	0	703901,0698	9565718,53	703,9010698	9565,71853
-1	-1	0	0	703938,2417	9565729,015	703,9382417	9565,729015
-1	-1	0	0	704045,3518	9565763,223	704,0453518	9565,763223
-1	-1	0	0	704133,5786	9565781,976	704,1335786	9565,781976
-1	-1	0	0	704233,7813	9565806,249	704,2337812	9565,806249
-1	-1	0	0	704294,6426	9565797,752	704,2946426	9565,797752
-1	-1	0	0	704461,3608	9565704,875	704,4613608	9565,704875
-1	-1	0	0	704542,1045	9565617,662	704,5421045	9565,617662
-1	-1	0	0	704655,4219	9565525,733	704,6554219	9565,525733
-1	-1	0	0	704738,7832	9565471,948	704,7387832	9565,471948
-1	-1	0	0	704839,002	9565428,615	704,839002	9565,428615
-1	-1	0	0	704936,5327	9565370,704	704,9365327	9565,370704
-1	-1	0	0	704963,9707	9565356,57	704,9639707	9565,35657
-1	-1	0	0	705081,0293	9565296,63	705,0810293	9565,29663
-1	-1	0	0	705092,9106	9565290,51	705,0929106	9565,29051
-1	-1	0	0	705151,0752	9565282,39	705,1510752	9565,28239
-1	-1	0	0	705193,522	9565250,181	705,193522	9565,250181
-1	-1	0	0	705251,7935	9565217,606	705,2517935	9565,217606
-1	-1	0	0	705342,8643	9565178,203	705,3428643	9565,178203
-1	-1	0	0	705428,9971	9565162,357	705,4289971	9565,162357
-1	-1	0	0	705496,1514	9565153,505	705,4961514	9565,153505
-1	-1	0	0	705581,9502	9565129,55	705,5819502	9565,12955
-1	-1	0	0	705732,1816	9565090,741	705,7321816	9565,090741
-1	-1	0	0	705781,8091	9565076,744	705,7818091	9565,076744
-1	-1	0	0	705854,5459	9565038,749	705,8545459	9565,038749
-1	-1	0	0	705931,9204	9564988,02	705,9319204	9564,98802
-1	-1	0	0	706037,6587	9564915,548	706,0376587	9564,915548
-1	-1	0	0	706106,9707	9564855,57	706,1069707	9564,85557
-1	-1	0	0	706168,3975	9564802,486	706,1683975	9564,802486
-1	-1	0	0	706239,8232	9564722,51	706,2398232	9564,72251
-1	-1	0	0	706273,9775	9564661,414	706,2739775	9564,661414
-1	-1	0	0	706292,9707	9564614,59	706,2929707	9564,61459
-1	-1	0	0	706289,521	9564569,979	706,289521	9564,569979
-1	-1	0	0	706269,8511	9564509,367	706,2698511	9564,509367
-1	-1	0	0	706239,9902	9564444,052	706,2399902	9564,444052
-1	-1	0	0	706210,103	9564366,774	706,210103	9564,366774
-1	-1	0	0	706201,0605	9564263,909	706,2010605	9564,263909
-1	-1	0	0	706206,4541	9564126,206	706,2064541	9564,126206
-1	-1	0	0	706237,3022	9563991,428	706,2373022	9563,991428
-1	-1	0	0	706261,4282	9563926,499	706,2614282	9563,926499
-1	-1	0	0	706291,6055	9563849,616	706,2916055	9563,849616
-1	-1	0	0	706316,9707	9563745,57	706,3169707	9563,74557
-1	-1	0	0	706356,0293	9563586,63	706,3560293	9563,58663
-1	-1	0	0	706378,9878	9563492,454	706,3789878	9563,492454
-1	-1	0	0	706422,2168	9563370,756	706,4222168	9563,370756
-1	-1	0	0	706455,7603	9563297,721	706,4557603	9563,297721
-1	-1	0	0	706504,3828	9563215,815	706,5043828	9563,215815
-1	-1	0	0	706526,9707	9563199,57	706,5269707	9563,19957
-1	-1	0	0	706568,9707	9563184,402	706,5689707	9563,184402
-1	-1	0	0	706546,4766	9563142,689	706,5464766	9563,142689
-1	-1	0	0	706480,6567	9563089,558	706,4806567	9563,089558
-1	-1	0	0	706390,2979	9563034,683	706,3902979	9563,034684
-1	-1	0	0	706281,7808	9562955,526	706,2817808	9562,955526
-1	-1	0	0	706227,542	9562910,658	706,227542	9562,910658
-1	-1	0	0	706175,2529	9562852,313	706,1752529	9562,852313
-1	-1	0	0	706101,0293	9562800,57	706,1010293	9562,80057
-1	-1	0	0	706030,9995	9562757,326	706,0309995	9562,757326
-1	-1	0	0	705931,2305	9562668,381	705,9312305	9562,668381
-1	-1	0	0	705852,0161	9562584,103	705,8520161	9562,584103
-1	-1	0	0	705805,0898	9562514,876	705,8050898	9562,514876
-1	-1	0	0	705770,4067	9562439,403	705,7704067	9562,439403
-1	-1	0	0	705724,7417	9562296,424	705,7247417	9562,296424
-1	-1	0	0	705700,9219	9562221,325	705,7009219	9562,221325
-1	-1	0	0	705686,9707	9562134,63	705,6869707	9562,13463
-1	-1	0	0	705682,3125	9562053,747	705,6823125	9562,053747
-1	-1	0	0	705672,772	9562010,282	705,672772	9562,010282
-1	-1	0	0	705651,3281	9561966,083	705,6513281	9561,966083
-1	-1	0	0	705603,3369	9561931,029	705,6033369	9561,931029
-1	-1	0	0	705534,2593	9561893,144	705,5342593	9561,893144
-1	-1	0	0	705476,9707	9561831,629	705,4769707	9561,831629
-1	-1	0	0	705432,1904	9561783,519	705,4321904	9561,783519
-1	-1	0	0	705362,8623	9561723,726	705,3628623	9561,723726
-1	-1	0	0	705298,7974	9561674,151	705,2987974	9561,674151
-1	-1	0	0	705270,6401	9561647,097	705,2706401	9561,647097
-1	-1	0	0	705263,061	9561590,894	705,263061	9561,590894
-1	-1	0	0	705335,8052	9561471,66	705,3358052	9561,47166
-1	-1	0	0	705397,3989	9561353,129	705,3973989	9561,353129
-1	-1	0	0	705421,8311	9561299,692	705,4218311	9561,299692
-1	-1	0	0	705456,7544	9561207,7	705,4567544	9561,2077
-1	-1	0	0	705492,022	9561160,124	705,492022	9561,160124
-1	-1	0	0	705566,4946	9561101,906	705,5664946	9561,101906
-1	-1	0	0	705605,9707	9561081,571	705,6059707	9561,081571
-1	-1	0	0	705721,7783	9561022,196	705,7217783	9561,022196
-1	-1	0	0	705801,1978	9560923,81	705,8011978	9560,92381
-1	-1	0	0	705833,2485	9560842,551	705,8332485	9560,842551
-1	-1	0	0	705899,1768	9560752,932	705,8991768	9560,752932
-1	-1	0	0	705928,875	9560707,634	705,928875	9560,707634
-1	-1	0	0	705976,9629	9560665,838	705,9769629	9560,665838
-1	-1	0	0	706091,9458	9560601,59	706,0919458	9560,60159
-1	-1	0	0	706137,3999	9560562,31	706,1373999	9560,56231
-1	-1	0	0	706157,7393	9560516,876	706,1577393	9560,516876
-1	-1	0	0	706158,2461	9560492,047	706,1582461	9560,492047
-1	-1	0	0	706154,71	9560467,855	706,15471	9560,467855
-1	-1	0	0	706144,1294	9560370,47	706,1441294	9560,37047
-1	-1	0	0	706115,9707	9560142,629	706,1159707	9560,142629
-1	-1	0	0	706089,791	9559928,03	706,089791	9559,92803
-1	-1	0	0	706077,1978	9559854,197	706,0771978	9559,854197
-1	-1	0	0	706048,7095	9559605,458	706,0487095	9559,605458
-1	-1	0	0	706026,6709	9559488,843	706,0266709	9559,488843
-1	-1	0	0	706021,0137	9559433,482	706,0210137	9559,433482
-1	-1	0	0	706015,4766	9559184,797	706,0154766	9559,184797
-1	-1	0	0	706010,7642	9559102,964	706,0107642	9559,102964
-1	-1	0	0	705985,0254	9559033,373	705,9850254	9559,033373
-1	-1	0	0	705973,7886	9558998,745	705,9737886	9558,998745
-1	-1	0	0	705921,394	9558877,891	705,921394	9558,877891
-1	-1	0	0	705878,1138	9558781,208	705,8781138	9558,781208
-1	-1	0	0	705857,5269	9558682,828	705,8575269	9558,682828
-1	-1	0	0	705830,6411	9558607,138	705,8306411	9558,607138
-1	-1	0	0	705764,0288	9558484,384	705,7640288	9558,484384
-1	-1	0	0	705722,4419	9558408,558	705,7224419	9558,408558
-1	-1	0	0	705663,3135	9558303,207	705,6633135	9558,303207
-1	-1	0	0	705639,2051	9558209,138	705,6392051	9558,209138
-1	-1	0	0	705662,4932	9558079,524	705,6624932	9558,079524
-1	-1	0	0	705684,8438	9557996,239	705,6848438	9557,996239
-1	-1	0	0	705707,5576	9557886,01	705,7075576	9557,88601
-1	-1	0	0	705740,8901	9557807,49	705,7408901	9557,80749
-1	-1	0	0	705762,0293	9557772,629	705,7620293	9557,772629
-1	-1	0	0	705812,9707	9557688,571	705,8129707	9557,688571
-1	-1	0	0	705866,0522	9557601,563	705,8660522	9557,601563
-1	-1	0	0	705909,4556	9557512,1	705,9094556	9557,5121
-1	-1	0	0	705944,7554	9557447,717	705,9447554	9557,447717
-1	-1	0	0	705952,8706	9557386,151	705,9528706	9557,386151
-1	-1	0	0	705965,1899	9557301,849	705,9651899	9557,301849
-1	-1	0	0	705974,0288	9557224,026	705,9740288	9557,224026
-1	-1	0	0	705979,6216	9557121,207	705,9796216	9557,121207
-1	-1	0	0	705996,4438	9556996,902	705,9964438	9556,996902
-1	-1	0	0	706027,6846	9556860,118	706,0276846	9556,860118
-1	-1	0	0	706032,0659	9556734,811	706,0320659	9556,734811
-1	-1	0	0	706037,9707	9556704,571	706,0379707	9556,704571
-1	-1	0	0	706064,9692	9556566,612	706,0649692	9556,566612
-1	-1	0	0	706066,1631	9556508,1	706,0661631	9556,5081
-1	-1	0	0	706064,9707	9556449,629	706,0649707	9556,449629
-1	-1	0	0	706062,0029	9556219,466	706,0620029	9556,219466
-1	-1	0	0	706050,0293	9556182,571	706,0500293	9556,182571
-1	-1	0	0	706004,8857	9556044,373	706,0048857	9556,044373
-1	-1	0	0	705996,1758	9555928,652	705,9961758	9555,928652
-1	-1	0	0	705961,2334	9555838,441	705,9612334	9555,838441
-1	-1	0	0	705915,3882	9555757,58	705,9153882	9555,75758
-1	-1	0	0	705864,7148	9555691,936	705,8647148	9555,691936
-1	-1	0	0	705860,8257	9555650,079	705,8608257	9555,650079
-1	-1	0	0	705886,8003	9555556,092	705,8868003	9555,556092
-1	-1	0	0	705904,1704	9555507,19	705,9041704	9555,50719
-1	-1	0	0	705977,1694	9555394,71	705,9771694	9555,39471
-1	-1	0	0	706034,6411	9555286,724	706,0346411	9555,286724
-1	-1	0	0	706077,0293	9555195,629	706,0770293	9555,195629
-1	-1	0	0	706131,1582	9555079,154	706,1311582	9555,079154
-1	-1	0	0	706174,6494	9554986,392	706,1746494	9554,986392
-1	-1	0	0	706193,9707	9554946,571	706,1939707	9554,946571
-1	-1	0	0	706244,5649	9554842,412	706,2445649	9554,842412
-1	-1	0	0	706324,1851	9554672,595	706,3241851	9554,672595
-1	-1	0	0	706419,2051	9554564,802	706,4192051	9554,564802
-1	-1	0	0	706478,9707	9554487,571	706,4789707	9554,487571
-1	-1	0	0	706530,0293	9554421,629	706,5300293	9554,421629
-1	-1	0	0	706550,9707	9554394,571	706,5509707	9554,394571
-1	-1	0	0	706624,4795	9554303,714	706,6244795	9554,303714
-1	-1	0	0	706677,6299	9554227,23	706,6776299	9554,22723
-1	-1	0	0	706706,7891	9554181,622	706,7067891	9554,181622
-1	-1	0	0	706761,8687	9554075,786	706,7618687	9554,075786
-1	-1	0	0	706841,8301	9553949,522	706,8418301	9553,949522
-1	-1	0	0	706887,5098	9553833,817	706,8875098	9553,833817
-1	-1	0	0	706897,6875	9553758,339	706,8976875	9553,758339
-1	-1	0	0	706877,0815	9553649,308	706,8770815	9553,649308
-1	-1	0	0	706850,8667	9553442,28	706,8508667	9553,44228
-1	-1	0	0	706789,6069	9553245,002	706,7896069	9553,245002
-1	-1	0	0	706715,2412	9553090,904	706,7152412	9553,090904
-1	-1	0	0	706674,3882	9552982,954	706,6743882	9552,982954
-1	-1	0	0	706630,7754	9552814,482	706,6307754	9552,814482
-1	-1	0	0	706601,6968	9552655,747	706,6016968	9552,655747
-1	-1	0	0	706573,8223	9552549,345	706,5738223	9552,549345
-1	-1	0	0	706556,9707	9552438,629	706,5569707	9552,438629
-1	-1	0	0	706554,0293	9552402,571	706,5540293	9552,402571
-1	-1	0	0	706544,4463	9552285,215	706,5444463	9552,285215
-1	-1	0	0	706536,0293	9552046,1	706,5360293	9552,0461
-1	-1	0	0	706538,9707	9551961,571	706,5389707	9551,961571
-1	-1	0	0	706543,7505	9551853,87	706,5437505	9551,85387
-1	-1	0	0	706539,0293	9551622,571	706,5390293	9551,622571
-1	-1	0	0	706542,1172	9551556,408	706,5421172	9551,556408
-1	-1	0	0	706547,9707	9551496,571	706,5479707	9551,496571
-1	-1	0	0	706552,8252	9551458,581	706,5528252	9551,458581
-1	-1	0	0	706544,1899	9551384,348	706,5441899	9551,384348
-1	-1	0	0	706474,188	9551280,846	706,474188	9551,280846
-1	-1	0	0	706385,5884	9551167,718	706,3855884	9551,167718
-1	-1	0	0	706366,4019	9551143,517	706,3664019	9551,143517
-1	-1	0	0	706254,2402	9551047,971	706,2542402	9551,047971
-1	-1	0	0	706072,3579	9550885,291	706,0723579	9550,885291
-1	-1	0	0	705974,2544	9550816,952	705,9742544	9550,816952
-1	-1	0	0	705871,1367	9550722,629	705,8711367	9550,722629
-1	-1	0	0	705744,7734	9550648,061	705,7447734	9550,648061
-1	-1	0	0	705605,4126	9550573,179	705,6054126	9550,573179
-1	-1	0	0	705504,0293	9550530,571	705,5040293	9550,530571
-1	-1	0	0	705418,8838	9550494,846	705,4188838	9550,494846
-1	-1	0	0	705235,4956	9550393,911	705,2354956	9550,393911
-1	-1	0	0	705156,2373	9550339,589	705,1562373	9550,339589
-1	-1	0	0	705071,0054	9550273,633	705,0710054	9550,273633
-1	-1	0	0	705052,103	9550212,6	705,052103	9550,2126
-1	-1	0	0	705030,0293	9550110,571	705,0300293	9550,110571
-1	-1	0	0	704997,2651	9549970,643	704,9972651	9549,970643
-1	-1	0	0	704989,4941	9549786,109	704,9894941	9549,786109
-1	-1	0	0	704983,0884	9549674,851	704,9830884	9549,674851
-1	-1	0	0	704967,7559	9549554,9	704,9677559	9549,5549
-1	-1	0	0	704963,9707	9549417,629	704,9639707	9549,417629
-1	-1	0	0	704961,0293	9549186,571	704,9610293	9549,186571
-1	-1	0	0	704954,8594	9549095,955	704,9548594	9549,095955
-1	-1	0	0	704957,9707	9548943,571	704,9579707	9548,943571
-1	-1	0	0	704954,2734	9548853,049	704,9542734	9548,853049
-1	-1	0	0	704944,1265	9548683,825	704,9441265	9548,683825
-1	-1	0	0	704912,2046	9548607,644	704,9122046	9548,607644
-1	-1	0	0	704856,3062	9548464,997	704,8563062	9548,464997
-1	-1	0	0	704743,0269	9548208,225	704,7430269	9548,208225
-1	-1	0	0	704678,4331	9548054,074	704,6784331	9548,054074
-1	-1	0	0	704634,6899	9547946,428	704,6346899	9547,946428
-1	-1	0	0	704572,7549	9547816,581	704,5727549	9547,816581
-1	-1	0	0	704516,9707	9547722,629	704,5169707	9547,722629
-1	-1	0	0	704481,2095	9547662,389	704,4812095	9547,662389
-1	-1	0	0	704444,9707	9547602,629	704,4449707	9547,602629
-1	-1	0	0	704376,0293	9547488,571	704,3760293	9547,488571
-1	-1	0	0	704366,9707	9547473,629	704,3669707	9547,473629
-1	-1	0	0	704361,8423	9547463,059	704,3618423	9547,463059
-1	-1	0	0	704314,3997	9547407,181	704,3143997	9547,407181
-1	-1	0	0	704223,8496	9547275,181	704,2238496	9547,275181
-1	-1	0	0	704207,7385	9547223,894	704,2077385	9547,223894
-1	-1	0	0	704208,03	9547209,629	704,20803	9547,209629
-1	-1	0	0	704210,97	9547008,571	704,21097	9547,008571
-1	-1	0	0	704211,03	9547005,629	704,21103	9547,005629
-1	-1	0	0	704213,97	9546807,571	704,21397	9546,807571
-1	-1	0	0	704217,03	9546750,629	704,21703	9546,750629
-1	-1	0	0	704222,97	9546639,571	704,22297	9546,639571
-1	-1	0	0	704228,97	9546527,923	704,22897	9546,527923
-1	-1	0	0	704223,4475	9546495,328	704,2234475	9546,495328
-1	-1	0	0	704190,03	9546306,571	704,19003	9546,306571
-1	-1	0	0	704180,97	9546255,629	704,18097	9546,255629
-1	-1	0	0	704147,4778	9546066,451	704,1474778	9546,066451
-1	-1	0	0	704102,1577	9545983,789	704,1021577	9545,983789
-1	-1	0	0	704094,1458	9545803,769	704,0941458	9545,803769
-1	-1	0	0	704072,97	9545709,629	704,07297	9545,709629
-1	-1	0	0	704038,0452	9545553,708	704,0380452	9545,553708
-1	-1	0	0	704004,03	9545448,541	704,00403	9545,448541
-1	-1	0	0	704006,97	9545247,571	704,00697	9545,247571
-1	-1	0	0	704011,8809	9545127,292	704,0118809	9545,127292
-1	-1	0	0	704001,3904	9544924,845	704,0013904	9544,924845
-1	-1	0	0	704011,9336	9544860,079	704,0119336	9544,860079
-1	-1	0	0	704059,1125	9544790,478	704,0591125	9544,790478
-1	-1	0	0	704070,03	9544761,629	704,07003	9544,761629
-1	-1	0	0	704111,8381	9544651,13	704,1118381	9544,65113
-1	-1	0	0	704130,2183	9544603,078	704,1302183	9544,603078
-1	-1	0	0	704184,03	9544500,629	704,18403	9544,500629
-1	-1	0	0	704213,97	9544443,571	704,21397	9544,443571
-1	-1	0	0	704275,1931	9544327,013	704,2751931	9544,327013
-1	-1	0	0	704337,2336	9544189,921	704,3372336	9544,189921
-1	-1	0	0	704350,9175	9544063,142	704,3509175	9544,063142
-1	-1	0	0	704352,03	9544008,629	704,35203	9544,008629
-1	-1	0	0	704355,0161	9543837,925	704,3550161	9543,837925
-1	-1	0	0	704358,0762	9543772,286	704,3580762	9543,772286
-1	-1	0	0	704385,4131	9543640,432	704,3854131	9543,640432
-1	-1	0	0	704519,9707	9543437,188	704,5199707	9543,437188
-1	-1	0	0	704516,9824	9543383,712	704,5169824	9543,383712
-1	-1	0	0	704412,0293	9543381,571	704,4120293	9543,381571
-1	-1	0	0	704259,0879	9543378,574	704,2590879	9543,378574
-1	-1	0	0	704210,4668	9543375,6	704,2104668	9543,3756
-1	-1	0	0	704169,4585	9543367,201	704,1694585	9543,367201
-1	-1	0	0	704060,0874	9543360,629	704,0600874	9543,360629
-1	-1	0	0	703989,0059	9543363,697	703,9890059	9543,363697
-1	-1	0	0	703858,6538	9543375,978	703,8586538	9543,375978
-1	-1	0	0	703780,9065	9543405,714	703,7809065	9543,405714
-1	-1	0	0	703744,6699	9543446,147	703,7446699	9543,446147
-1	-1	0	0	703702,0027	9543459,058	703,7020027	9543,459058
-1	-1	0	0	703593,4688	9543461,273	703,5934688	9543,461273
-1	-1	0	0	703466,6609	9543450,005	703,4666609	9543,450005
-1	-1	0	0	703346,261	9543472,154	703,346261	9543,472154
-1	-1	0	0	703277,4316	9543454,133	703,2774316	9543,454133
-1	-1	0	0	703188,4102	9543397,042	703,1884102	9543,397042
-1	-1	0	0	703157,4976	9543392,727	703,1574976	9543,392727
-1	-1	0	0	703127,4148	9543380,862	703,1274148	9543,380862
-1	-1	0	0	703106,6697	9543360,931	703,1066697	9543,360931
-1	-1	0	0	703082,8103	9543336,096	703,0828103	9543,336096
-1	-1	0	0	702879,8525	9543342,571	702,8798525	9543,342571
-1	-1	0	0	702825,9097	9543339,114	702,8259097	9543,339114
-1	-1	0	0	702800,6814	9543322,573	702,8006814	9543,322573
-1	-1	0	0	702713,4316	9543250,898	702,7134316	9543,250898
-1	-1	0	0	702670,9673	9543229,022	702,6709673	9543,229022
-1	-1	0	0	702625,418	9543225,445	702,625418	9543,225445
-1	-1	0	0	702409,2605	9543218,326	702,4092605	9543,218326
-1	-1	0	0	702366,6724	9543225,591	702,3666724	9543,225591
-1	-1	0	0	702314,5173	9543228,782	702,3145173	9543,228782
-1	-1	0	0	702215,5459	9543246,383	702,2155459	9543,246383
-1	-1	0	0	702160,7476	9543251,745	702,1607476	9543,251745
-1	-1	0	0	702071,97	9543297,571	702,07197	9543,297571
-1	-1	0	0	702045,0776	9543313,877	702,0450776	9543,313877
-1	-1	0	0	702011,0002	9543331,432	702,0110002	9543,331432
-1	-1	0	0	701964,03	9543348,629	701,96403	9543,348629
-1	-1	0	0	701831,0955	9543397,177	701,8310955	9543,397177
-1	-1	0	0	701661,5266	9543479,387	701,6615266	9543,479387
-1	-1	0	0	701606,8264	9543498,817	701,6068264	9543,498817
-1	-1	0	0	701512,7351	9543544,467	701,5127351	9543,544467
-1	-1	0	0	701409,03	9543612,629	701,40903	9543,612629
-1	-1	0	0	701381,5474	9543628,212	701,3815474	9543,628212
-1	-1	0	0	701366,146	9543643,01	701,366146	9543,64301
-1	-1	0	0	701351,97	9543660,571	701,35197	9543,660571
-1	-1	0	0	701310,104	9543718,693	701,310104	9543,718693
-1	-1	0	0	701279,3972	9543745,177	701,2793972	9543,745177
-1	-1	0	0	701237,458	9543735,741	701,237458	9543,735741
-1	-1	0	0	701153,6938	9543734,033	701,1536938	9543,734033
-1	-1	0	0	701126,97	9543741,571	701,12697	9543,741571
-1	-1	0	0	701061,4958	9543761,847	701,0614959	9543,761847
-1	-1	0	0	701033,5737	9543767,566	701,0335737	9543,767566
-1	-1	0	0	700961,97	9543774,571	700,96197	9543,774571
-1	-1	0	0	700839,03	9543786,629	700,83903	9543,786629
-1	-1	0	0	700711,3264	9543799,119	700,7113264	9543,799119
-1	-1	0	0	700657,7673	9543812,176	700,6577673	9543,812176
-1	-1	0	0	700533,03	9543852,629	700,53303	9543,852629
-1	-1	0	0	700511,97	9543858,571	700,51197	9543,858571
-1	-1	0	0	700441,4385	9543880,942	700,4414385	9543,880942
-1	-1	0	0	700377,6394	9543890,871	700,3776394	9543,890871
-1	-1	0	0	700244,3716	9543901,417	700,2443716	9543,901417
-1	-1	0	0	700178,4902	9543914,276	700,1784902	9543,914276
-1	-1	0	0	700073,2119	9543945,401	700,0732119	9543,945401
-1	-1	0	0	700018,8516	9543946,511	700,0188516	9543,946511
-1	-1	0	0	699984,843	9543939,872	699,984843	9543,939872
-1	-1	0	0	699949,0942	9543926,589	699,9490942	9543,926589
-1	-1	0	0	699902,4163	9543898,283	699,9024163	9543,898283
-1	-1	0	0	699851,7224	9543873,688	699,8517224	9543,873688
-1	-1	0	0	699852,6467	9543828,407	699,8526467	9543,828407
-1	-1	0	0	699849,03	9543813,571	699,84903	9543,813571
-1	-1	0	0	699840,03	9543778,453	699,84003	9543,778453
-1	-1	0	0	699848,97	9543750,571	699,84897	9543,750571
-1	-1	0	0	699863,97	9543709,599	699,86397	9543,709599
-1	-1	0	0	699860,9634	9543699,342	699,8609634	9543,699342
-1	-1	0	0	699834,2036	9543664,078	699,8342036	9543,664078
-1	-1	0	0	699828,2454	9543646,669	699,8282454	9543,646669
-1	-1	0	0	699821,4763	9543547,453	699,8214763	9543,547453
-1	-1	0	0	699801,5632	9543517,08	699,8015632	9543,51708
-1	-1	0	0	699779,1665	9543500,085	699,7791665	9543,500085
-1	-1	0	0	699725,7839	9543462,216	699,7257839	9543,462216
-1	-1	0	0	699717,4871	9543454,245	699,7174871	9543,454245
-1	-1	0	0	699706,2327	9543437,642	699,7062327	9543,437642
-1	-1	0	0	699672,1238	9543355,315	699,6721238	9543,355315
-1	-1	0	0	699660,5339	9543331,426	699,6605339	9543,331426
-1	-1	0	0	699645,03	9543309,571	699,64503	9543,309571
-1	-1	0	0	699618,5874	9543275,745	699,6185874	9543,275745
-1	-1	0	0	699614,97	9543261,629	699,61497	9543,261629
-1	-1	0	0	699611,8015	9543180,729	699,6118015	9543,180729
-1	-1	0	0	699597,03	9543131,914	699,59703	9543,131914
-1	-1	0	0	699600,3105	9543092,478	699,6003105	9543,092478
-1	-1	0	0	699626,9055	9542970,735	699,6269055	9542,970735
-1	-1	0	0	699627,2666	9542953,028	699,6272666	9542,953028
-1	-1	0	0	699544,8428	9542997,216	699,5448428	9542,997216
-1	-1	0	0	699517,8618	9543016,356	699,5178618	9543,016356
-1	-1	0	0	699492,9448	9543042,289	699,4929448	9543,042289
-1	-1	0	0	699463,5381	9543053,217	699,4635381	9543,053217
-1	-1	0	0	699396,2703	9543087,87	699,3962703	9543,08787
-1	-1	0	0	699317,5034	9543113,431	699,3175034	9543,113431
-1	-1	0	0	699271,2114	9543135,887	699,2712114	9543,135887
-1	-1	0	0	699243,23	9543154,233	699,24323	9543,154233
-1	-1	0	0	699189,9302	9543200,621	699,1899302	9543,200621
-1	-1	0	0	699164,97	9543228,571	699,16497	9543,228571
-1	-1	0	0	699129,9924	9543269,63	699,1299924	9543,26963
-1	-1	0	0	699053,97	9543348,571	699,05397	9543,348571
-1	-1	0	0	699014,2961	9543391,687	699,0142961	9543,391687
-1	-1	0	0	698982,1018	9543422,619	698,9821018	9543,422619
-1	-1	0	0	698945,3716	9543468,949	698,9453716	9543,468949
-1	-1	0	0	698929,6802	9543485,279	698,9296802	9543,485279
-1	-1	0	0	698862,4006	9543549,922	698,8624006	9543,549922
-1	-1	0	0	698813,6653	9543630,169	698,8136653	9543,630169
-1	-1	0	0	698784,9543	9543666,383	698,7849543	9543,666383
-1	-1	0	0	698745,3684	9543699,131	698,7453684	9543,699131
-1	-1	0	0	698734,0686	9543715,801	698,7340686	9543,715801
-1	-1	0	0	698707,7102	9543758,249	698,7077102	9543,758249
-1	-1	0	0	698687,6162	9543773,496	698,6876162	9543,773496
-1	-1	0	0	698657,5071	9543785,709	698,6575071	9543,785709
-1	-1	0	0	698618,321	9543800,27	698,618321	9543,80027
-1	-1	0	0	698568,4241	9543829,889	698,5684241	9543,829889
-1	-1	0	0	698538,5295	9543852,049	698,5385295	9543,852049
-1	-1	0	0	698519,5554	9543874,051	698,5195554	9543,874051
-1	-1	0	0	698485,7864	9543925,558	698,4857864	9543,925558
-1	-1	0	0	698473,2722	9543938,58	698,4732722	9543,93858
-1	-1	0	0	698448,6482	9543957,266	698,4486482	9543,957266
-1	-1	0	0	698411,8022	9543973,76	698,4118022	9543,97376
-1	-1	0	0	698388,03	9543978,629	698,38803	9543,978629
-1	-1	0	0	698296,782	9543989,78	698,296782	9543,98978
-1	-1	0	0	698276,8499	9543999,451	698,2768499	9543,999451
-1	-1	0	0	698259,03	9544008,629	698,25903	9544,008629
-1	-1	0	0	698249,7305	9544013,141	698,2497305	9544,013141
-1	-1	0	0	698128,9633	9544156,901	698,1289633	9544,156901
-1	-1	0	0	698010,1644	9544284,456	698,0101644	9544,284456
-1	-1	0	0	697984,4462	9544317,357	697,9844462	9544,317357
-1	-1	0	0	697972,4539	9544345,075	697,9724539	9544,345075
-1	-1	0	0	697963,1349	9544381,438	697,9631349	9544,381438
-1	-1	0	0	697955,97	9544434,571	697,95597	9544,434571
-1	-1	0	0	697939,0137	9544592,287	697,9390137	9544,592287
-1	-1	0	0	697932,6866	9544618,242	697,9326866	9544,618242
-1	-1	0	0	697920,2347	9544663,514	697,9202347	9544,663514
-1	-1	0	0	697908,4651	9544735,816	697,9084651	9544,735816
-1	-1	0	0	697893,75	9544787,988	697,89375	9544,787988
-1	-1	0	0	697878,5402	9544826,548	697,8785402	9544,826548
-1	-1	0	0	697860,5955	9544853,92	697,8605955	9544,85392
-1	-1	0	0	697817,3676	9544898,912	697,8173676	9544,898912
-1	-1	0	0	697785,7474	9544920,345	697,7857474	9544,920345
-1	-1	0	0	697747,2166	9544931,496	697,7472166	9544,931496
-1	-1	0	0	697644,832	9544940,302	697,644832	9544,940302
-1	-1	0	0	697609,6816	9544947,163	697,6096816	9544,947163
-1	-1	0	0	697567,3989	9544959,09	697,5673989	9544,95909
-1	-1	0	0	697511,8521	9544980,998	697,5118521	9544,980998
-1	-1	0	0	697441,934	9545012,595	697,441934	9545,012595
-1	-1	0	0	697391,7766	9545042,37	697,3917766	9545,04237
-1	-1	0	0	697364,0541	9545062,921	697,3640541	9545,062921
-1	-1	0	0	697346,3987	9545079,884	697,3463987	9545,079884
-1	-1	0	0	697316,2526	9545114,838	697,3162526	9545,114838
-1	-1	0	0	697290,4563	9545158,86	697,2904563	9545,15886
-1	-1	0	0	697225,6227	9545313,582	697,2256227	9545,313582
-1	-1	0	0	697222,4667	9545468,238	697,2224667	9545,468238
-1	-1	0	0	697229,9099	9545489,985	697,2299099	9545,489985
-1	-1	0	0	697233,1216	9545524,555	697,2331216	9545,524555
-1	-1	0	0	697229,1167	9545577,764	697,2291167	9545,577764
-1	-1	0	0	697222,1667	9545606,273	697,2221667	9545,606273
-1	-1	0	0	697204,5824	9545663,05	697,2045824	9545,66305
-1	-1	0	0	697197,4878	9545697,688	697,1974878	9545,697688
-1	-1	0	0	697225,1495	9545731,956	697,2251495	9545,731956
-1	-1	0	0	697232,8912	9545777,343	697,2328912	9545,777343
-1	-1	0	0	697181,101	9545894,742	697,181101	9545,894742
-1	-1	0	0	697153,9841	9545988,442	697,1539841	9545,988442
-1	-1	0	0	697132,11	9546095,241	697,13211	9546,095241
-1	-1	0	0	697125,03	9546143,689	697,12503	9546,143689
-1	-1	0	0	697129,2719	9546188,331	697,1292719	9546,188331
-1	-1	0	0	697142,8993	9546246,902	697,1428993	9546,246902
-1	-1	0	0	697146,4589	9546319,62	697,1464589	9546,31962
-1	-1	0	0	697160,97	9546330,629	697,16097	9546,330629
-1	-1	0	0	697204,4011	9546346,315	697,2044011	9546,346315
-1	-1	0	0	697213,8322	9546360,228	697,2138322	9546,360228
-1	-1	0	0	697161,2677	9546405,978	697,1612677	9546,405978
-1	-1	0	0	697160,7931	9546429,237	697,1607931	9546,429237
-1	-1	0	0	697192,34	9546473,706	697,19234	9546,473706
-1	-1	0	0	697217,8173	9546488,15	697,2178173	9546,48815
-1	-1	0	0	697218,0469	9546499,403	697,2180469	9546,499403
-1	-1	0	0	697158,03	9546564,629	697,15803	9546,564629
-1	-1	0	0	697111,7747	9546614,053	697,1117747	9546,614053
-1	-1	0	0	697055,9161	9546686,413	697,0559161	9546,686413
-1	-1	0	0	697029,6581	9546744,518	697,0296581	9546,744518
-1	-1	0	0	696991,8549	9546806,56	696,9918549	9546,80656
-1	-1	0	0	696930,223	9546884,812	696,930223	9546,884812
-1	-1	0	0	696858,2018	9546936,609	696,8582018	9546,936609
-1	-1	0	0	696766,9757	9546947,475	696,7669757	9546,947475
-1	-1	0	0	696744,0271	9546961,098	696,7440271	9546,961098
-1	-1	0	0	696698,2321	9547023,793	696,6982321	9547,023793
-1	-1	0	0	696674,1519	9547153,215	696,6741519	9547,153215
-1	-1	0	0	696679,0844	9547233,849	696,6790844	9547,233849
-1	-1	0	0	696713,97	9547285,312	696,71397	9547,285312
-1	-1	0	0	696709,1938	9547323,19	696,7091938	9547,32319
-1	-1	0	0	696670,6597	9547390,098	696,6706597	9547,390098
-1	-1	0	0	696651,7489	9547518,483	696,6517489	9547,518483
-1	-1	0	0	696629,97	9547662,571	696,62997	9547,662571
-1	-1	0	0	696627,03	9547812,629	696,62703	9547,812629
-1	-1	0	0	696626,8081	9547823,504	696,6268081	9547,823504
-1	-1	0	0	696630,03	9547905,571	696,63003	9547,905571
-1	-1	0	0	696635,952	9548056,766	696,635952	9548,056766
-1	-1	0	0	696685,5579	9548136,7	696,6855579	9548,1367
-1	-1	0	0	696680,681	9548222,665	696,680681	9548,222665
-1	-1	0	0	696690,3175	9548242,529	696,6903175	9548,242529
-1	-1	0	0	696725,2017	9548255,493	696,7252017	9548,255493
-1	-1	0	0	696736,6304	9548277,676	696,7366304	9548,277676
-1	-1	0	0	696731,6847	9548313,105	696,7316847	9548,313105
-1	-1	0	0	696653,4767	9548374,353	696,6534767	9548,374353
-1	-1	0	0	696630,7874	9548423,276	696,6307874	9548,423276
-1	-1	0	0	696651,0176	9548613,495	696,6510176	9548,613495
-1	-1	0	0	696654,5101	9548634,946	696,6545101	9548,634946
-1	-1	0	0	696668,1947	9548649,19	696,6681947	9548,64919
-1	-1	0	0	696710,9041	9548673,404	696,7109041	9548,673404
-1	-1	0	0	696711,3285	9548694,196	696,7113285	9548,694196
-1	-1	0	0	696701,1647	9548704,775	696,7011647	9548,704775
-1	-1	0	0	696652,136	9548722,482	696,652136	9548,722482
-1	-1	0	0	696642,03	9548742,102	696,64203	9548,742102
-1	-1	0	0	696645,7079	9548761,526	696,6457079	9548,761526
-1	-1	0	0	696671,97	9548784,629	696,67197	9548,784629
-1	-1	0	0	696701,6114	9548809,88	696,7016114	9548,80988
-1	-1	0	0	696707,3888	9548838,087	696,7073888	9548,838087
-1	-1	0	0	696686,165	9549031,921	696,686165	9549,031921
-1	-1	0	0	696697,366	9549092,135	696,697366	9549,092135
-1	-1	0	0	696720,2197	9549111,846	696,7202197	9549,111846
-1	-1	0	0	696810,8024	9549121,274	696,8108024	9549,121274
-1	-1	0	0	696845,202	9549143,829	696,845202	9549,143829
-1	-1	0	0	696913,7483	9549215,364	696,9137483	9549,215364
-1	-1	0	0	696953,6565	9549272,1	696,9536565	9549,2721
-1	-1	0	0	696960,0593	9549303,36	696,9600593	9549,30336
-1	-1	0	0	696936,0447	9549522,231	696,9360447	9549,522231
-1	-1	0	0	696942,3669	9549561,067	696,9423669	9549,561067
-1	-1	0	0	696977,7839	9549621,509	696,9777839	9549,621509
-1	-1	0	0	696978,2985	9549646,722	696,9782985	9549,646722
-1	-1	0	0	696955,823	9549773,181	696,955823	9549,773181
-1	-1	0	0	696902,3459	9549863,266	696,9023459	9549,863266
-1	-1	0	0	696786,3201	9549993,018	696,7863201	9549,993018
-1	-1	0	0	696774,03	9550028,925	696,77403	9550,028925
-1	-1	0	0	696777,5819	9550051,524	696,7775819	9550,051524
-1	-1	0	0	696785,7235	9550068,306	696,7857235	9550,068306
-1	-1	0	0	696810,8536	9550089,979	696,8108536	9550,089979
-1	-1	0	0	696980,9564	9550162,189	696,9809564	9550,162189
-1	-1	0	0	697045,2052	9550214,245	697,0452052	9550,214245
-1	-1	0	0	697082,9026	9550272,672	697,0829026	9550,272672
-1	-1	0	0	697098,8639	9550312,022	697,0988639	9550,312022
-1	-1	0	0	697106,97	9550391,336	697,10697	9550,391336
-1	-1	0	0	697100,5825	9550434,666	697,1005825	9550,434666
-1	-1	0	0	697067,024	9550540,469	697,067024	9550,540469
-1	-1	0	0	697014,0315	9550749,455	697,0140315	9550,749455
-1	-1	0	0	696989,5862	9550795,054	696,9895862	9550,795054
-1	-1	0	0	696891,3142	9550903,567	696,8913142	9550,903567
-1	-1	0	0	696836,97	9550953,571	696,83697	9550,953571
-1	-1	0	0	696762,03	9551022,629	696,76203	9551,022629
-1	-1	0	0	696702,2937	9551077,595	696,7022937	9551,077595
-1	-1	0	0	696659,7341	9551128,293	696,6597341	9551,128293
-1	-1	0	0	696510,03	9551382,629	696,51003	9551,382629
-1	-1	0	0	696474,7595	9551442,399	696,4747595	9551,442399
-1	-1	0	0	696435,2135	9551554,954	696,4352135	9551,554954
-1	-1	0	0	696414,3362	9551745,623	696,4143362	9551,745623
-1	-1	0	0	696413,5499	9551784,155	696,4135499	9551,784155
-1	-1	0	0	696434,6653	9551958,811	696,4346653	9551,958811
-1	-1	0	0	696411,1003	9552083,501	696,4111003	9552,083501
-1	-1	0	0	696406,2726	9552123,013	696,4062726	9552,123013
-1	-1	0	0	696368,97	9552207,571	696,36897	9552,207571
-1	-1	0	0	696346,37	9552271,195	696,34637	9552,271195
-1	-1	0	0	696280,6344	9552382,713	696,2806344	9552,382713
-1	-1	0	0	696236,0251	9552457,86	696,2360251	9552,45786
-1	-1	0	0	696219,5955	9552482,919	696,2195955	9552,482919
-1	-1	0	0	696196,8336	9552506,61	696,1968336	9552,50661
-1	-1	0	0	696185,127	9552512,641	696,185127	9552,512641
-1	-1	0	0	696121,6267	9552520,4	696,1216267	9552,5204
-1	-1	0	0	696093,7793	9552533,91	696,0937793	9552,53391
-1	-1	0	0	696072,6768	9552554,185	696,0726768	9552,554185
-1	-1	0	0	696051,9785	9552600,421	696,0519785	9552,600421
-1	-1	0	0	696031,0873	9552671,085	696,0310873	9552,671085
-1	-1	0	0	696015,464	9552738,235	696,015464	9552,738235
-1	-1	0	0	696011,97	9552765,571	696,01197	9552,765571
-1	-1	0	0	696008,8235	9552861,953	696,0088235	9552,861953
-1	-1	0	0	696003,03	9552891,629	696,00303	9552,891629
-1	-1	0	0	695991,3816	9552945,553	695,9913816	9552,945553
-1	-1	0	0	695975,2636	9553030,678	695,9752636	9553,030678
-1	-1	0	0	695949,03	9553086,629	695,94903	9553,086629
-1	-1	0	0	695916,2783	9553155,972	695,9162783	9553,155972
-1	-1	0	0	695865,3483	9553268,673	695,8653483	9553,268673
-1	-1	0	0	695808,5057	9553342,308	695,8085057	9553,342308
-1	-1	0	0	695802,1139	9553373,515	695,8021139	9553,373515
-1	-1	0	0	695801,4661	9553405,258	695,8014661	9553,405258
-1	-1	0	0	695806,1239	9553424,364	695,8061239	9553,424364
-1	-1	0	0	695822,97	9553463,299	695,82297	9553,463299
-1	-1	0	0	695819,6144	9553485,363	695,8196144	9553,485363
-1	-1	0	0	695784,4146	9553531,753	695,7844146	9553,531753
-1	-1	0	0	695780,97	9553548,571	695,78097	9553,548571
-1	-1	0	0	695777,9982	9553566,826	695,7779982	9553,566826
-1	-1	0	0	695762,5591	9553589,602	695,7625591	9553,589602
-1	-1	0	0	695743,6802	9553640,411	695,7436802	9553,640411
-1	-1	0	0	695732,9407	9553647,691	695,7329407	9553,647691
-1	-1	0	0	695718,2783	9553647,392	695,7182783	9553,647392
-1	-1	0	0	695707,3477	9553657,893	695,7073477	9553,657893
-1	-1	0	0	695688,3501	9553682,931	695,6883501	9553,682931
-1	-1	0	0	695672,97	9553716,571	695,67297	9553,716571
-1	-1	0	0	695643,6888	9553796,359	695,6436888	9553,796359
-1	-1	0	0	695629,6132	9553820,071	695,6296132	9553,820071
-1	-1	0	0	695579,4177	9553865,878	695,5794177	9553,865878
-1	-1	0	0	695541,6156	9553891,501	695,5416156	9553,891501
-1	-1	0	0	695493,6013	9553920,004	695,4936013	9553,920004
-1	-1	0	0	695453,3676	9553964,093	695,4533676	9553,964093
-1	-1	0	0	695435,0885	9553999,576	695,4350885	9553,999576
-1	-1	0	0	695419,4927	9554058,432	695,4194927	9554,058432
-1	-1	0	0	695415,03	9554067,629	695,41503	9554,067629
-1	-1	0	0	695387,3928	9554098,208	695,3873928	9554,098208
-1	-1	0	0	695373,2919	9554127,273	695,3732919	9554,127273
-1	-1	0	0	695337,03	9554160,629	695,33703	9554,160629
-1	-1	0	0	695300,97	9554193,571	695,30097	9554,193571
-1	-1	0	0	695232,03	9554256,629	695,23203	9554,256629
-1	-1	0	0	695195,97	9554289,571	695,19597	9554,289571
-1	-1	0	0	695127,03	9554352,629	695,12703	9554,352629
-1	-1	0	0	695056,4317	9554417,121	695,0564317	9554,417121
-1	-1	0	0	695062,0796	9554444,695	695,0620796	9554,444695
-1	-1	0	0	695057,8297	9554505,495	695,0578297	9554,505495
-1	-1	0	0	695030,97	9554535,571	695,03097	9554,535571
-1	-1	0	0	694956,03	9554619,629	694,95603	9554,619629
-1	-1	0	0	694931,97	9554646,571	694,93197	9554,646571
-1	-1	0	0	694881,03	9554703,629	694,88103	9554,703629
-1	-1	0	0	694856,97	9554730,571	694,85697	9554,730571
-1	-1	0	0	694806,03	9554787,629	694,80603	9554,787629
-1	-1	0	0	694781,97	9554814,571	694,78197	9554,814571
-1	-1	0	0	694707,1036	9554898,432	694,7071036	9554,898432
-1	-1	0	0	694692,7511	9554913,369	694,6927511	9554,913369
-1	-1	0	0	694657,4614	9554930,49	694,6574614	9554,93049
-1	-1	0	0	694638,6694	9554948,545	694,6386694	9554,948545
-1	-1	0	0	694568,8292	9555050,884	694,5688292	9555,050884
-1	-1	0	0	694533,2997	9555073,234	694,5332997	9555,073234
-1	-1	0	0	694500,9421	9555079,552	694,5009421	9555,079552
-1	-1	0	0	694450,9345	9555106,12	694,4509345	9555,10612
-1	-1	0	0	694438,6509	9555122,308	694,4386509	9555,122308
-1	-1	0	0	694424,6781	9555157,734	694,4246781	9555,157734
-1	-1	0	0	694412,647	9555165,89	694,412647	9555,16589
-1	-1	0	0	694298,3099	9555157,548	694,2983099	9555,157548
-1	-1	0	0	694273,6871	9555167,26	694,2736871	9555,16726
-1	-1	0	0	694261,697	9555202,288	694,261697	9555,202288
-1	-1	0	0	694256,0748	9555317,144	694,2560748	9555,317144
-1	-1	0	0	694240,6928	9555327,571	694,2406928	9555,327571
-1	-1	0	0	694228,4068	9555322,893	694,2284068	9555,322893
-1	-1	0	0	694214,4705	9555309,503	694,2144705	9555,309503
-1	-1	0	0	694147,9237	9555171,364	694,1479237	9555,171364
-1	-1	0	0	694119,323	9555156,629	694,119323	9555,156629
-1	-1	0	0	694090,61	9555161,229	694,09061	9555,161229
-1	-1	0	0	694077,03	9555174,278	694,07703	9555,174278
-1	-1	0	0	694079,97	9555195,629	694,07997	9555,195629
-1	-1	0	0	694133,97	9555307,25	694,13397	9555,30725
-1	-1	0	0	694130,0546	9555350,372	694,1300546	9555,350372
-1	-1	0	0	694106,5713	9555379,993	694,1065713	9555,379993
-1	-1	0	0	694089,03	9555390,629	694,08903	9555,390629
-1	-1	0	0	694052,9339	9555393,84	694,0529339	9555,39384
-1	-1	0	0	694016,5311	9555428,815	694,0165311	9555,428815
-1	-1	0	0	693988,1662	9555463,954	693,9881662	9555,463954
-1	-1	0	0	693957,9183	9555508,577	693,9579183	9555,508577
-1	-1	0	0	693943,1933	9555542,61	693,9431933	9555,54261
-1	-1	0	0	693934,96	9555571,06	693,93496	9555,57106
-1	-1	0	0	693920,3513	9555633,533	693,9203513	9555,633533
-1	-1	0	0	693901,3121	9555681,804	693,9013121	9555,681804
-1	-1	0	0	693894,6553	9555695,525	693,8946553	9555,695525
-1	-1	0	0	693869,0603	9555734,563	693,8690603	9555,734563
-1	-1	0	0	693780,8518	9555855,328	693,7808518	9555,855328
-1	-1	0	0	693759,6396	9555890,307	693,7596396	9555,890307
-1	-1	0	0	693724,9799	9555974,821	693,7249799	9555,974821
-1	-1	0	0	693702,03	9556017,629	693,70203	9556,017629
-1	-1	0	0	693676,3874	9556065,043	693,6763874	9556,065043
-1	-1	0	0	693662,9377	9556100,582	693,6629377	9556,100582
-1	-1	0	0	693651,95	9556138,551	693,65195	9556,138551
-1	-1	0	0	693632,1308	9556223,305	693,6321308	9556,223305
-1	-1	0	0	693612,603	9556288,965	693,612603	9556,288965
-1	-1	0	0	693600,5559	9556319,509	693,6005559	9556,319509
-1	-1	0	0	693581,9308	9556353,244	693,5819308	9556,353244
-1	-1	0	0	693545,2087	9556391,465	693,5452087	9556,391465
-1	-1	0	0	693516,03	9556416,629	693,51603	9556,416629
-1	-1	0	0	693488,6862	9556439,249	693,4886862	9556,439249
-1	-1	0	0	693471,5847	9556467,451	693,4715847	9556,467451
-1	-1	0	0	693470,9261	9556499,72	693,4709261	9556,49972
-1	-1	0	0	693473,97	9556524,629	693,47397	9556,524629
-1	-1	0	0	693482,97	9556582,461	693,48297	9556,582461
-1	-1	0	0	693479,1198	9556604,945	693,4791198	9556,604945
-1	-1	0	0	693471,3189	9556628,985	693,4713189	9556,628985
-1	-1	0	0	693443,5743	9556690,961	693,4435743	9556,690961
-1	-1	0	0	693430,86	9556722,307	693,43086	9556,722307
-1	-1	0	0	693420,03	9556759,729	693,42003	9556,759729
-1	-1	0	0	693424,2871	9556827,642	693,4242871	9556,827642
-1	-1	0	0	693429,3448	9556853,55	693,4293448	9556,85355
-1	-1	0	0	693445,455	9556894,395	693,445455	9556,894395
-1	-1	0	0	693464,1	9556921,901	693,4641	9556,921901
-1	-1	0	0	693475,9882	9556986,521	693,4759882	9556,986521
-1	-1	0	0	693478,0763	9557088,84	693,4780763	9557,08884
-1	-1	0	0	693473,0067	9557197,58	693,4730067	9557,19758
-1	-1	0	0	693415,35	9557375,257	693,41535	9557,375257
-1	-1	0	0	693387,03	9557433,629	693,38703	9557,433629
-1	-1	0	0	693333,5532	9557543,537	693,3335532	9557,543537
-1	-1	0	0	693279,1497	9557721,163	693,2791497	9557,721163
-1	-1	0	0	693271,7092	9557750,195	693,2717092	9557,750195
-1	-1	0	0	693256,4303	9557845,138	693,2564303	9557,845138
-1	-1	0	0	693279,03	9557985,571	693,27903	9557,985571
-1	-1	0	0	693285,3603	9558027,196	693,2853603	9558,027196
-1	-1	0	0	693326,97	9558129,779	693,32697	9558,129779
-1	-1	0	0	693318,1131	9558142,977	693,3181131	9558,142977
-1	-1	0	0	693240,6287	9558192,055	693,2406287	9558,192055
-1	-1	0	0	693229,474	9558202,772	693,229474	9558,202772
-1	-1	0	0	693182,101	9558307,602	693,182101	9558,307602
-1	-1	0	0	693156,7398	9558341,813	693,1567398	9558,341813
-1	-1	0	0	693116,6718	9558375,449	693,1166718	9558,375449
-1	-1	0	0	693070,9512	9558407,61	693,0709512	9558,40761
-1	-1	0	0	693006,713	9558441,739	693,006713	9558,441739
-1	-1	0	0	692928,4498	9558486,109	692,9284498	9558,486109
-1	-1	0	0	692910,5067	9558508,338	692,9105067	9558,508338
-1	-1	0	0	692869,0117	9558598,683	692,8690117	9558,598683
-1	-1	0	0	692853,03	9558627,629	692,85303	9558,627629
-1	-1	0	0	692778,1918	9558723,363	692,7781918	9558,723363
-1	-1	0	0	692764,44	9558746,04	692,76444	9558,74604
-1	-1	0	0	692742,3232	9558783,297	692,7423232	9558,783297
-1	-1	0	0	692720,8288	9558794,37	692,7208288	9558,79437
-1	-1	0	0	692669,0433	9558804,976	692,6690433	9558,804976
-1	-1	0	0	692557,1499	9558826,162	692,5571499	9558,826162
-1	-1	0	0	692501,0116	9558839,849	692,5010116	9558,839849
-1	-1	0	0	692480,4032	9558847,977	692,4804032	9558,847977
-1	-1	0	0	692447,97	9558870,571	692,44797	9558,870571
-1	-1	0	0	692401,37	9558907,303	692,40137	9558,907303
-1	-1	0	0	692379,7173	9558918,458	692,3797173	9558,918458
-1	-1	0	0	692256,6723	9558893,255	692,2566723	9558,893255
-1	-1	0	0	692250,9058	9558928,678	692,2509058	9558,928678
-1	-1	0	0	692222,315	9558999,165	692,222315	9558,999165
-1	-1	0	0	692206,1343	9559074,068	692,2061343	9559,074068
-1	-1	0	0	692220,3873	9559161,622	692,2203873	9559,161622
-1	-1	0	0	692248,6966	9559257,475	692,2486966	9559,257475
-1	-1	0	0	692290,455	9559348,395	692,290455	9559,348395
-1	-1	0	0	692354,97	9559473,629	692,35497	9559,473629
-1	-1	0	0	692391,03	9559566,571	692,39103	9559,566571
-1	-1	0	0	692415,0993	9559628,709	692,4150993	9559,628709
-1	-1	0	0	692459,1466	9559734,906	692,4591466	9559,734906
-1	-1	0	0	692484,9413	9559800,304	692,4849413	9559,800304
-1	-1	0	0	692590,5019	9559983,344	692,5905019	9559,983344
-1	-1	0	0	692603,0556	9560051,58	692,6030556	9560,05158
-1	-1	0	0	692595,1648	9560236,932	692,5951648	9560,236932
-1	-1	0	0	692577,3951	9560351,116	692,577395	9560,351116
-1	-1	0	0	692571,1636	9560548,362	692,5711636	9560,548362
-1	-1	0	0	692552,97	9560688,571	692,55297	9560,688571
-1	-1	0	0	692535,2858	9560827,132	692,5352858	9560,827132
-1	-1	0	0	692508,2255	9560972,567	692,5082255	9560,972567
-1	-1	0	0	692501,97	9561006,571	692,50197	9561,006571
-1	-1	0	0	692496,4062	9561125,907	692,4964062	9561,125907
-1	-1	0	0	692486,5719	9561208,476	692,4865719	9561,208476
-1	-1	0	0	692451,3037	9561346,091	692,4513037	9561,346091
-1	-1	0	0	692439,2749	9561419,983	692,4392749	9561,419983
-1	-1	0	0	692397,06	9561531,531	692,39706	9561,531531
-1	-1	0	0	692386,3547	9561566,909	692,3863547	9561,566909
-1	-1	0	0	692354,058	9561690,259	692,354058	9561,690259
-1	-1	0	0	692329,125	9561778,656	692,329125	9561,778656
-1	-1	0	0	692299,0367	9561824,55	692,2990367	9561,82455
-1	-1	0	0	692258,5365	9561868,035	692,2585365	9561,868035
-1	-1	0	0	692222,7227	9561950,81	692,2227227	9561,95081
-1	-1	0	0	692208,3596	9562001,734	692,2083596	9562,001734
-1	-1	0	0	692152,2677	9562154,197	692,1522677	9562,154197
-1	-1	0	0	692130,1464	9562233,428	692,1301464	9562,233428
-1	-1	0	0	692118,03	9562302,63	692,11803	9562,30263
-1	-1	0	0	692096,97	9562389,57	692,09697	9562,38957
-1	-1	0	0	692093,97	9562450,855	692,09397	9562,450855
-1	-1	0	0	692082,0995	9562608,563	692,0820995	9562,608563
-1	-1	0	0	692080,5	9562610,1	692,0805	9562,6101
